1616085238
1616085238
1616085238
1616085238
1616085238
1616085238
1616085238
1616085238
1616085238
1616085238
1616085238
1616085238
1616085238
1616085238
1616085238
1616085238
1616085238
1616085238
1616085238
1616085238
1616085238
1616085239
1616085239
1616085239
1616085239
1616085239
1616085239
1616085239
1616085239
1616085239
1616085239
1616085239
1616085239
1616085239
1616085239
1616085239
1616085239
1616085239
1616085239
1616085239
1616085239
1616085239
1616085239
1616085239
1616085239
1616085239
1616085239
1616085239
1616085239
1616085239
1616085239
1616085240
1616085240
1616085240
1616085240
1616085240
1616085240
1616085240
1616085240
1616085240
1616085240
1616085240
1616085240
1616085240
1616085240
1616085240
1616085240
1616085240
1616085240
1616085240
1616085240
1616085240
1616085240
1616085240
1616085240
1616085240
1616085240
1616085240
1616085240
1616085240
1616085240
1616085240
1616085241
1616085241
1616085241
1616085241
1616085241
1616085241
1616085241
1616085241
1616085241
1616085241
1616085241
1616085241
1616085241
1616085241
1616085241
1616085241
1616085241
1616085241
1616085241
1616085241
1616085241
1616085241
1616085241
1616085241
1616085241
1616085241
1616085241
1616085241
1616085241
1616085242
1616085242
1616085242
1616085242
1616085242
1616085242
1616085242
1616085242
1616085242
1616085242
1616085242
1616085242
1616085242
1616085242
1616085242
1616085242
1616085242
1616085242
1616085242
1616085242
1616085242
1616085242
1616085242
1616085242
1616085242
1616085242
1616085242
1616085242
1616085242
1616085242
1616085243
1616085243
1616085243
1616085243
1616085243
1616085243
1616085243
1616085243
1616085243
1616085243
1616085243
1616085243
1616085243
1616085243
1616085243
1616085243
1616085243
1616085243
1616085244
1616085244
1616085244
1616085244
1616085244
1616085244
1616085244
1616085244
1616085244
1616085244
1616085244
1616085244
1616085244
1616085244
1616085244
1616085245
1616085245
1616085245
1616085245
1616085245
1616085245
1616085245
1616085245
1616085245
1616085245
1616085245
1616085245
1616085245
1616085245
1616085245
1616085246
1616085246
1616085246
1616085246
1616085246
1616085246
1616085246
1616085246
1616085246
1616085246
1616085246
1616085246
1616085246
1616085246
1616085246
1616085247
1616085247
1616085247
1616085247
1616085247
1616085247
1616085247
1616085247
1616085247
1616085247
1616085247
1616085247
1616085247
1616085247
1616085247
1616085248
1616085248
1616085248
1616085248
1616085248
1616085248
1616085248
1616085248
1616085248
1616085248
1616085248
1616085248
1616085248
1616085248
1616085248
1616085249
1616085249
1616085249
1616085249
1616085249
1616085249
1616085249
1616085249
1616085249
1616085249
1616085249
1616085249
1616085249
1616085249
1616085249
1616085250
1616085250
1616085250
1616085250
1616085250
1616085250
1616085250
1616085250
1616085250
1616085250
1616085250
1616085250
1616085250
1616085250
1616085251
1616085251
1616085251
1616085251
1616085251
1616085251
1616085251
1616085251
1616085251
1616085251
1616085251
1616085251
1616085251
1616085251
1616085251
1616085252
1616085252
1616085252
1616085252
1616085252
1616085252
1616085252
1616085252
1616085252
1616085252
1616085252
1616085252
1616085252
1616085252
1616085252
1616085253
1616085253
1616085253
1616085253
1616085253
1616085253
1616085253
1616085253
1616085253
1616085253
1616085253
1616085253
1616085253
1616085253
1616085253
1616085254
1616085254
1616085254
1616085254
1616085254
1616085254
1616085254
1616085254
1616085254
1616085254
1616085254
1616085254
1616085254
1616085254
1616085254
1616085255
1616085255
1616085255
1616085255
1616085255
1616085255
1616085255
1616085255
1616085255
1616085255
1616085255
1616085255
1616085255
1616085255
1616085256
1616085256
1616085256
1616085256
1616085256
1616085256
1616085256
1616085256
1616085256
1616085256
1616085256
1616085256
1616085256
1616085256
1616085256
1616085257
1616085257
1616085257
1616085257
1616085257
1616085257
1616085257
1616085257
1616085257
1616085257
1616085257
1616085257
1616085257
1616085257
1616085257
1616085258
1616085258
1616085258
1616085258
1616085258
1616085258
1616085258
1616085258
1616085258
1616085258
1616085258
1616085258
1616085258
1616085258
1616085258
1616085259
1616085259
1616085259
1616085259
1616085259
1616085259
1616085259
1616085259
1616085259
1616085259
1616085259
1616085259
1616085259
1616085259
1616085259
1616085260
1616085260
1616085260
1616085260
1616085260
1616085260
