0.008105989351662624
0.008105989351662624
0.005468943556572459
0.005468943556572459
0.008105989351662624
0.008105989351662624
0.005468943556572459
0.021134125775057244
0.021134125775057244
0.008105989351662624
0.01860636721555875
0.008105989351662624
0.021134125775057244
0.021134125775057244
0.021134125775057244
0.008105989351662624
0.008105989351662624
0.008105989351662624
0.008105989351662624
0.008105989351662624
0.008105989351662624
0.008105989351662624
0.008105989351662624
0.008105989351662624
0.008105989351662624
0.008105989351662624
0.008105989351662624
0.008105989351662624
0.008105989351662624
0.008105989351662624
0.008105989351662624
0.008105989351662624
0.008105989351662624
0.008105989351662624
0.008105989351662624
0.008105989351662624
0.008105989351662624
0.008105989351662624
0.008105989351662624
0.008105989351662624
0.008105989351662624
0.021134125775057244
0.008105989351662624
0.008105989351662624
0.008105989351662624
0.01860636721555875
0.021134125775057244
0.021134125775057244
0.021134125775057244
0.008105989351662624
0.021134125775057244
0.021134125775057244
0.021134125775057244
0.01860636721555875
0.01860636721555875
0.01860636721555875
0.021134125775057244
0.021134125775057244
0.021134125775057244
0.021134125775057244
0.021134125775057244
0.021134125775057244
0.021134125775057244
0.021134125775057244
0.01860636721555875
0.021134125775057244
0.021134125775057244
0.021134125775057244
0.005468943556572459
0.021134125775057244
0.021134125775057244
0.005468943556572459
0.021134125775057244
0.008105989351662624
0.008105989351662624
0.008105989351662624
0.008105989351662624
0.008105989351662624
0.008105989351662624
0.021134125775057244
0.008105989351662624
0.008105989351662624
0.008105989351662624
0.008105989351662624
0.021134125775057244
0.008105989351662624
0.008105989351662624
0.008105989351662624
0.008105989351662624
0.008105989351662624
0.008105989351662624
0.008105989351662624
0.008105989351662624
0.008105989351662624
0.008105989351662624
0.008105989351662624
0.005468943556572459
0.021134125775057244
0.008105989351662624
0.021134125775057244
0.008105989351662624
0.008105989351662624
0.008105989351662624
0.008105989351662624
0.008105989351662624
0.008105989351662624
0.008105989351662624
0.005468943556572459
0.008105989351662624
0.008105989351662624
0.021134125775057244
0.008105989351662624
0.008105989351662624
0.008105989351662624
0.008105989351662624
0.005468943556572459
0.008105989351662624
0.008105989351662624
0.008105989351662624
0.021134125775057244
0.008105989351662624
0.008105989351662624
0.005468943556572459
0.021134125775057244
0.008105989351662624
0.008105989351662624
0.008105989351662624
0.008105989351662624
0.008105989351662624
0.008105989351662624
0.008105989351662624
0.021134125775057244
0.008105989351662624
0.021134125775057244
0.008105989351662624
0.008105989351662624
0.008105989351662624
0.021134125775057244
0.021134125775057244
0.008105989351662624
0.008105989351662624
0.008105989351662624
0.008105989351662624
0.005468943556572459
0.008105989351662624
0.008105989351662624
0.008105989351662624
0.008105989351662624
0.008105989351662624
0.008105989351662624
0.008105989351662624
0.008105989351662624
0.021134125775057244
0.021134125775057244
0.008105989351662624
0.008105989351662624
0.008105989351662624
0.008105989351662624
0.008105989351662624
0.021134125775057244
0.021134125775057244
0.008105989351662624
0.021134125775057244
0.008105989351662624
0.008105989351662624
0.008105989351662624
0.008105989351662624
0.021134125775057244
0.008105989351662624
0.008105989351662624
0.008105989351662624
0.021134125775057244
0.008105989351662624
0.008105989351662624
0.021134125775057244
0.021134125775057244
0.021134125775057244
0.008105989351662624
0.008105989351662624
0.008105989351662624
0.021134125775057244
0.021134125775057244
0.008105989351662624
0.008105989351662624
0.021134125775057244
0.008105989351662624
0.008105989351662624
0.008105989351662624
0.008105989351662624
0.008105989351662624
0.021134125775057244
0.008105989351662624
0.021134125775057244
0.008105989351662624
0.021134125775057244
0.021134125775057244
0.021134125775057244
0.008105989351662624
0.008105989351662624
0.021134125775057244
0.008105989351662624
0.008105989351662624
0.021134125775057244
0.008105989351662624
0.021134125775057244
0.008105989351662624
0.008105989351662624
0.021134125775057244
0.008105989351662624
0.008105989351662624
0.008105989351662624
0.008105989351662624
0.008105989351662624
0.008105989351662624
0.021134125775057244
0.021134125775057244
0.021134125775057244
0.008105989351662624
0.008105989351662624
0.008105989351662624
0.021134125775057244
0.008105989351662624
0.021134125775057244
0.008105989351662624
0.008105989351662624
0.021134125775057244
0.008105989351662624
0.021134125775057244
0.008105989351662624
0.021134125775057244
0.021134125775057244
0.008105989351662624
0.008105989351662624
0.008105989351662624
0.021134125775057244
0.008105989351662624
0.021134125775057244
0.021134125775057244
0.021134125775057244
0.021134125775057244
0.005468943556572459
0.02131063672197131
0.02813078096090149
0.04830835150835178
0.07582513191670337
0.08489270652690362
0.10340177991860444
0.12205127802432925
0.12063187666493147
0.15108881033007515
0.16102759035200842
0.16863507778476028
0.17270155963072953
0.1702047630231882
0.22858280627992578
0.26667671783832114
0.34428965690693647
0.35138695036455125
0.40844619218247535
0.45475848466523905
0.5546121585526238
0.5841610903856131
0.6016618452730266
0.7035722890587911
0.7568423024074941
0.7808111137771452
0.7965509443504146
0.715520402643504
0.6526473010124622
0.5830741678029626
0.5040372942814844
0.4460150352715677
0.39326831433273957
0.34767362884640374
0.348090688063448
0.37750634215983236
0.4301687052390706
0.4636869568250448
0.5138553418317697
0.5602517463626759
0.5988496212438108
0.5894751550507853
0.5436584276927079
0.4997014874950083
0.43305534284717884
0.40428436774630283
0.3367239159211568
0.28922535937120264
0.23455838225786563
0.20827477745269296
0.1712369424486926
0.1484355385014764
0.13441603709757022
0.10919951674641482
0.08637276803082528
0.07530736085848311
0.05674589575476441
0.04842459658393272
0.04813469299686712
0.03810283450690233
0.02714894805780843
0.032277762728759374
0.02204230013333297
0.02287955481495718
0.010691373028519191
0.017022004304295013
0.000706617537064691
0.012528651391314316
0.02698908046068893
0.030045986726906726
0.031009187906665403
0.015361631665780306
0.019817955426694178
0.02542896185402377
0.019899399990181754
0.019946563686618957
0.019985436643087384
0.02003560194447651
0.020077097333829785
0.026143207579679695
0.056590811025033494
0.05710465859074998
0.035552156588010586
0.03916871189858995
0.04765960770501976
0.07408450348030171
0.06276189687480827
0.06269793717139671
0.06263613839506998
0.06696752660720962
0.07005156386644429
0.08002761297510652
0.07347374443748445
0.11970901962181868
0.08734644571503858
0.11522821679413231
0.09234046985879085
0.09234046985879085
0.09234046985879085
0.09234046985879085
0.09234046985879085
0.09234046985879085
0.09234046985879085
0.09234046985879085
0.09234046985879085
0.09234046985879085
0.09234046985879085
0.09234046985879085
0.09234046985879085
0.09234046985879085
0.09234046985879085
0.09234046985879085
0.09234046985879085
0.09234046985879085
0.09234046985879085
0.09234046985879085
0.09234046985879085
0.09234046985879085
0.09234046985879085
0.09234046985879085
0.09234046985879085
0.09234046985879085
0.09234046985879085
0.09234046985879085
0.09234046985879085
0.09234046985879085
0.09234046985879085
0.09234046985879085
0.09234046985879085
0.09234046985879085
0.09234046985879085
0.09234046985879085
0.09234046985879085
0.09234046985879085
0.09234046985879085
0.09234046985879085
0.09234046985879085
0.09234046985879085
0.09234046985879085
0.09234046985879085
0.09234046985879085
0.09234046985879085
0.09234046985879085
0.09234046985879085
0.09234046985879085
0.09234046985879085
0.09234046985879085
0.09234046985879085
0.09234046985879085
0.09234046985879085
0.09234046985879085
0.09234046985879085
0.09234046985879085
0.09234046985879085
0.09234046985879085
0.09234046985879085
0.09234046985879085
0.09234046985879085
0.09234046985879085
0.09234046985879085
0.09234046985879085
0.09234046985879085
0.09234046985879085
