303000000
400000000
500000000
600000000
700000000
800000000
900000000
        0
101000000
202000000
300000000
400000000
500000000
600000000
700000000
800000000
900000000
  1000000
100000000
201000000
300000000
400000000
502000000
602000000
700000000
801000000
900000000
        0
100000000
201000000
300000000
400000000
501000000
600000000
700000000
800000000
900000000
        0
100000000
200000000
300000000
408000000
501000000
600000000
702000000
800000000
900000000
        0
100000000
201000000
300000000
401000000
501000000
600000000
700000000
801000000
900000000
        0
100000000
200000000
301000000
400000000
501000000
601000000
700000000
801000000
900000000
        0
100000000
200000000
300000000
400000000
502000000
601000000
703000000
800000000
901000000
  1000000
100000000
200000000
300000000
400000000
500000000
600000000
700000000
800000000
900000000
        0
100000000
200000000
300000000
400000000
500000000
601000000
700000000
800000000
900000000
        0
100000000
200000000
300000000
400000000
500000000
600000000
700000000
800000000
900000000
        0
100000000
200000000
301000000
400000000
501000000
600000000
700000000
801000000
900000000
        0
100000000
200000000
301000000
401000000
500000000
600000000
700000000
800000000
900000000
        0
100000000
200000000
300000000
400000000
500000000
600000000
700000000
800000000
901000000
  1000000
100000000
200000000
301000000
400000000
500000000
600000000
700000000
800000000
900000000
        0
100000000
201000000
301000000
400000000
500000000
600000000
700000000
800000000
900000000
        0
100000000
200000000
300000000
401000000
501000000
600000000
700000000
800000000
900000000
        0
100000000
200000000
300000000
400000000
500000000
600000000
700000000
800000000
900000000
        0
101000000
200000000
301000000
401000000
500000000
600000000
700000000
800000000
900000000
        0
100000000
201000000
300000000
401000000
500000000
600000000
700000000
800000000
900000000
        0
100000000
200000000
300000000
400000000
500000000
601000000
701000000
801000000
900000000
  1000000
101000000
200000000
300000000
400000000
501000000
601000000
700000000
800000000
900000000
        0
100000000
200000000
301000000
401000000
501000000
600000000
700000000
800000000
900000000
        0
100000000
201000000
300000000
400000000
500000000
600000000
700000000
800000000
900000000
        0
100000000
200000000
301000000
400000000
501000000
600000000
701000000
800000000
900000000
        0
100000000
200000000
301000000
400000000
500000000
606000000
700000000
800000000
900000000
  1000000
100000000
200000000
302000000
400000000
500000000
601000000
700000000
801000000
900000000
  1000000
100000000
200000000
300000000
400000000
500000000
601000000
700000000
800000000
918000000
  1000000
102000000
200000000
300000000
400000000
500000000
619000000
703000000
802000000
901000000
        0
100000000
200000000
301000000
400000000
501000000
601000000
700000000
800000000
900000000
  6000000
100000000
200000000
300000000
401000000
500000000
600000000
706000000
802000000
901000000
  3000000
100000000
200000000
300000000
400000000
502000000
600000000
700000000
800000000
901000000
        0
100000000
200000000
300000000
400000000
500000000
600000000
701000000
800000000
904000000
        0
104000000
203000000
300000000
402000000
500000000
600000000
700000000
801000000
900000000
        0
100000000
209000000
301000000
400000000
501000000
600000000
700000000
800000000
900000000
        0
101000000
201000000
300000000
401000000
500000000
600000000
700000000
801000000
901000000
  1000000
104000000
202000000
300000000
401000000
500000000
602000000
701000000
800000000
901000000
        0
101000000
201000000
300000000
400000000
501000000
600000000
700000000
801000000
900000000
        0
100000000
202000000
302000000
401000000
500000000
601000000
700000000
801000000
900000000
        0
100000000
200000000
304000000
400000000
500000000
600000000
701000000
801000000
901000000
        0
100000000
200000000
302000000
400000000
500000000
603000000
700000000
800000000
900000000
  1000000
100000000
200000000
300000000
400000000
503000000
600000000
700000000
800000000
900000000
        0
101000000
200000000
300000000
410000000
500000000
601000000
701000000
800000000
900000000
  1000000
101000000
201000000
300000000
401000000
501000000
601000000
700000000
800000000
900000000
        0
100000000
201000000
300000000
400000000
500000000
600000000
703000000
803000000
902000000
        0
100000000
201000000
300000000
405000000
501000000
600000000
700000000
800000000
900000000
        0
100000000
200000000
300000000
401000000
500000000
600000000
700000000
800000000
904000000
        0
100000000
200000000
302000000
400000000
500000000
600000000
700000000
800000000
900000000
        0
103000000
200000000
303000000
400000000
501000000
601000000
700000000
800000000
900000000
        0
100000000
201000000
300000000
400000000
500000000
600000000
700000000
802000000
900000000
        0
101000000
200000000
300000000
400000000
501000000
600000000
700000000
800000000
900000000
        0
100000000
200000000
300000000
400000000
500000000
601000000
701000000
800000000
900000000
        0
100000000
200000000
300000000
400000000
502000000
600000000
700000000
800000000
900000000
        0
100000000
200000000
300000000
400000000
500000000
600000000
700000000
808000000
902000000
  2000000
103000000
200000000
300000000
400000000
500000000
600000000
701000000
800000000
900000000
        0
100000000
200000000
300000000
400000000
500000000
601000000
700000000
800000000
900000000
        0
100000000
201000000
301000000
400000000
501000000
600000000
700000000
801000000
900000000
        0
101000000
201000000
300000000
400000000
500000000
600000000
701000000
800000000
900000000
        0
100000000
201000000
300000000
400000000
500000000
600000000
700000000
801000000
901000000
  1000000
100000000
200000000
301000000
400000000
500000000
601000000
700000000
800000000
901000000
        0
103000000
200000000
