6.217243625409096e-06
7.000389497568176e-06
1.1968191502296727e-05
1.787790887638019e-05
2.215256267138882e-05
2.97744890599306e-05
3.683644750044842e-05
4.076685216523257e-05
4.526085996779894e-05
4.538393111138002e-05
4.553176361870227e-05
4.567968677942619e-05
4.582088093782064e-05
4.5987513066626855e-05
4.615509664420062e-05
4.632131122362925e-05
4.64891349501593e-05
4.665705911519596e-05
4.6823528709952747e-05
4.69909456832427e-05
4.7158268450836584e-05
4.732486883995071e-05
4.7491979935757434e-05
4.765963439904623e-05
4.782579137928391e-05
4.799358213986237e-05
4.816092297855334e-05
4.832764666261677e-05
4.849475682031656e-05
4.8662024296357667e-05
4.8828462957338536e-05
4.899599045503698e-05
4.9163180654960524e-05
4.9329796218218285e-05
4.9496866312348784e-05
4.9663780601982517e-05
4.98300353554426e-05
4.999708473036005e-05
5.016396306956071e-05
5.033017147782953e-05
5.0497130051829936e-05
5.066396002243746e-05
5.08301380449476e-05
5.0997127192116045e-05
5.116390612054258e-05
5.133008849334422e-05
5.149706969203605e-05
5.166376311318714e-05
5.182990914331296e-05
5.1996836018715046e-05
5.216345709908915e-05
5.232959091158704e-05
5.2496511429800114e-05
5.266304609414504e-05
5.282914590564801e-05
5.299612516681567e-05
5.3162941886914136e-05
5.332921147854341e-05
5.349614520411598e-05
5.366281470335949e-05
5.3828961011038556e-05
5.399603762957559e-05
5.4162583274280445e-05
5.432876915181138e-05
5.449578896805267e-05
5.4662395998038213e-05
5.482873045461548e-05
5.4995664205605404e-05
5.516227439187749e-05
5.5328517054662455e-05
5.54954200567966e-05
5.5662041305132414e-05
5.58283582150512e-05
5.599528231842537e-05
5.616183579534824e-05
5.632798651637484e-05
5.6494877449586356e-05
5.666127985654046e-05
5.682736237333638e-05
5.6994091689709404e-05
5.716038541733243e-05
5.732652400504518e-05
5.7493445416501656e-05
5.765985251407737e-05
5.78260803148798e-05
5.7992802405191977e-05
5.8159193639187465e-05
5.8325523217558094e-05
5.849231792647656e-05
5.8658730885481524e-05
5.882502691783181e-05
5.8992329222233595e-05
5.9158232552627605e-05
5.9324426094176865e-05
5.949102369464542e-05
5.965725023424342e-05
5.9823758901119016e-05
5.9990438807744406e-05
6.0156520732675273e-05
6.03224013032315e-05
6.048862927809471e-05
6.0654399070917377e-05
6.082004197567741e-05
6.098615287388137e-05
6.115216187353889e-05
6.131823257574817e-05
6.14850324938243e-05
6.165105452330149e-05
6.181655160675092e-05
6.198283301952768e-05
6.214916896605972e-05
6.231499455453278e-05
6.248127474771392e-05
6.264729283674183e-05
6.28134092810493e-05
6.297959908167082e-05
6.31451339110276e-05
6.331095261116316e-05
6.34772312792123e-05
6.36429754365384e-05
6.380873203835419e-05
6.397462405964452e-05
6.414081209641997e-05
6.430650244529039e-05
6.44649250960156e-05
6.462173684578449e-05
6.478225283070463e-05
6.493586324025945e-05
6.509256640477739e-05
6.525808600819478e-05
6.54141391125389e-05
6.556931144549291e-05
6.572678665273193e-05
6.814705693245106e-05
7.498850765698961e-05
7.524879353131072e-05
7.540994055223597e-05
7.556705450094834e-05
7.572685569397348e-05
7.588690623044672e-05
7.604359431252881e-05
7.619881523428256e-05
7.63538960713807e-05
7.650694079791259e-05
7.666440383386401e-05
7.682570178747802e-05
7.698073605312459e-05
7.713877991276868e-05
8.120182650545892e-05
8.536515915895317e-05
9.29252124363372e-05
9.743467830278338e-05
0.0001022774176818738
0.00010895580447744431
0.0001189706034040099
0.00012160121106184793
0.00012407572028094838
0.00013033509564101155
0.00013686540895548524
0.00014334190337660544
0.000150249059783989
0.0001561434891863514
0.00015923646164952052
0.00016422514488453346
0.00016977770224441152
0.00017528398530299052
0.00017964206547372332
0.0001878027471620186
0.00019134886164536501
0.00019675878798708566
0.00020346939647811178
0.00021230333956399888
0.00022095312407440323
0.00022354372110092933
0.00023266149121611612
0.0002401687453608257
0.0002467707124637422
0.0002522675772359229
0.0002578166960545925
0.000258604923808165
0.0002587574596814957
0.00025891818209421483
0.0002590767422521654
0.00025923325312695824
0.00025939253539096377
0.0002595482430419788
0.00025970362486144624
0.0002598628443788455
0.0002609027583875374
0.0002642482568808446
0.0002742778978791374
0.0002850168358458395
0.00029203040234605625
0.00029625920867711877
0.000297037521531924
0.0002971930762841913
0.00029735785832387383
0.0002975087609854207
0.0002976625026803736
0.0003009776016695713
0.00030627447565154814
0.00030972824258557267
0.00031583365915789326
0.0003226108724739781
0.00032748930060811136
0.00033385097139200845
0.00033984047894580803
0.00034827776717169957
0.0003486042878036039
0.00034868879895378767
0.00034877918101220773
0.00034886510506317736
0.00034895240144304697
0.00034904032088697845
0.0003523257468949823
0.0003570663771386688
0.0003646318126929341
0.0003702534853599557
0.00037132385121270276
0.0003750429496618424
0.0003806723438976088
0.000386697406317732
0.0003923512811878965
0.00040309669993540535
0.00040756027826896175
0.0004145416840563235
0.0004202746219057203
0.000429474155417267
0.0004308110370876895
0.00044083661916292585
0.00044730148106059576
0.00045531628938413324
0.0004610068225896356
0.00046590086142197194
0.00047485601993259627
0.00047833493187298575
0.0004827371156869046
0.00048289324469914433
0.00048304869166135897
0.0004832043765746571
0.00048336048506881704
0.0004835188501941477
0.000483676178152135
0.0004838371057740658
0.00048399550383463024
0.0004841533547932959
0.00048430774558312016
0.0004844622597145325
0.00048461740210930436
0.00048722374958731876
0.0004927934232317082
0.0005013289899574081
0.0005084968351082405
0.0005169534452070826
0.0005217360209609317
0.0005231391178956358
0.0005284120810174907
0.0005346127383262848
0.0005396249733187013
0.0005498597702029687
0.0005529608047525136
0.0005571643355512793
0.0005609882987821319
0.0005650154766932686
0.0005688366538116254
0.0005746997550203055
0.0005806723796958983
0.0005869430423139937
0.0005928283021368225
0.000600961899477038
0.0006088271560736594
0.0006144108791815991
0.0006220759428036492
0.0006257439550505652
0.0006287592565184937
0.0006364220147937297
0.000640376503282273
0.0006414765011203798
0.0006462230851126059
0.0006524221221052105
0.0006566777272938132
0.0006603373273663214
0.0006605160567931893
0.0006606083193787262
0.0006607019882464268
0.0006607972470914102
0.0006608895988490834
0.0006609832963144612
0.0006610785334121363
0.0006611708875400755
0.0006612645483236621
0.000661359675854717
0.0006614519375866338
0.0006615455191681566
0.0006616406573998029
0.0006617329529585317
0.0006618265340384672
0.0006619213666929073
0.0006620136521317149
0.0006621072650472698
0.0006622024755841991
0.0006622948498882895
0.0006623883940056771
0.0006624833084549163
0.0006625757028494182
0.000662669146712846
0.0006627641775049013
0.0006628563683129646
0.0006629499025189901
0.0006630447465295942
0.0006631371477247876
0.0006632307512774559
0.0006633257510441144
0.0006634180808228815
0.0006635115028486528
0.000663606504040262
0.0006636989389781736
0.000663792658388649
0.0006638875843905227
0.0006639798350929409
0.0006640731541346184
0.0006641681207411028
0.0006642604052711997
0.0006643538846743071
0.0006644484642432219
0.000664540726489364
0.0006646342040949702
0.0006647288360913076
0.0006648210598137056
0.0006649145213251717
0.0006650089811653774
0.0006651015234289862
0.0006651954502585843
0.0006652899159692149
0.0006653820966048319
0.0006654755247638153
0.0006655697919603167
0.0006656621236752646
0.0006657562425987048
0.000665851136048996
0.0006659426577431777
0.0006660362484790137
0.0006661300977103383
0.0006662231030949283
0.0006663161635928272
0.0006664098793384581
0.0006665030673156755
0.0006665956854710058
0.0006666897788732474
0.0006667823878170195
0.0006668754802045656
0.000666970216107261
0.0006670621248545288
0.0006671551015676153
0.0006672503557463906
0.0006673425437758956
0.0006674350708939747
0.0006675296938537274
0.0006676223402836965
0.0006677147740747598
0.0006678101599611061
0.0006679022204126232
0.0006679943623578217
0.000668088995613318
0.0006681816002010611
0.0006682749249790985
0.0006683697949485037
0.0006684615535101861
0.0006685546737942194
0.0006686462676072238
0.0006687357501452362
0.0006688238770099789
0.0006689164300035857
0.0006690094331031035
0.000669098032871453
0.0006691894255255554
0.0006692815642891154
0.00066937514572983
0.0006694675616323166
0.0006695583045327124
0.0006696494259651018
0.0006697414453419876
0.0006698348131043016
0.000669930993258338
0.0006700128072600186
0.0006701022141893754
0.0006701910011141169
0.0005248586150325508
0.000439831231286579
0.0003251330817740658
0.0002685380355043182
0.00017495753436879517
0.00013099838775025436
4.388444548824847e-05
1.0328943259145347e-05
-3.838059133570882e-05
-9.639759845528268e-05
0.00023782976105740053
0.0022679411262005495
0.0012891623520127006
0.0030137566174117244
0.002788083128527596
0.002528308212202016
0.0024965661261181636
0.0025003135099773456
0.0024684077348439714
0.0023144203891602546
0.0021785925731691324
0.0020212002781147607
0.001819715472521498
0.001539924552969239
0.001221492513183675
0.0007085857939990143
0.0004058866885587912
0.007549890721412672
0.013787331781054858
0.019111622789606604
0.02841800337980765
0.032350846757555715
0.040660404669203495
0.04386868144853777
0.052055069649062674
0.054281594385601345
0.06110569228161934
0.06627337890219814
0.06956910879277826
0.07575588250438899
0.07841450132948057
0.08201806424571072
0.08699322701522219
0.08836340096705388
0.0917165042828806
0.09516563651136749
0.09661841408013834
0.09869788961607903
0.10076579834154957
0.10201159343342085
0.10279816554748558
0.10379331062551445
0.1046460819183481
0.10422043682628229
0.10455083134356435
0.1045989050437767
0.10269450458420795
0.1029402182754144
0.10182387731047525
0.0984281128111788
0.09906022233149689
0.09647094150056704
0.09227448684376267
0.09307077682300453
0.08849243699971163
0.08574706162616264
0.08393807464454713
0.07748389144210406
0.07783621753414464
0.07679871741415463
0.07703068838406438
0.0765976208996291
0.07611725382208644
0.07595701651217077
0.0759219043262227
0.07606692958399307
0.0763059988843328
0.0762527232335355
0.07029165124136583
0.06380880040650479
0.05673978127901041
0.05252774876787506
0.04572123340841065
0.03990920176085527
0.03479056455624871
0.02790077301619821
0.02374620032032506
0.01609378168555996
0.01300173519776023
0.004482825092474786
0.0017501504469752938
-0.006661227049217149
-0.009728256288270917
-0.015336556489555756
-0.015107813537376637
-0.015030376431759605
-0.01500240899228861
-0.01499373451375063
-0.014981137922342055
-0.014969721554018
-0.014959438104042749
-0.014947519913667233
-0.014934529511974938
-0.014924342586548312
-0.01491664848486962
-0.014904349085417353
-0.014892951527412867
-0.014884078155322703
-0.014872613925119833
-0.014861461417510664
-0.014854343165085986
-0.0148432008743627
-0.014832277061677937
-0.01482103734600358
-0.014806289131957256
-0.014797225286417552
-0.01478737767937153
-0.014777549802173743
-0.014765995872983393
-0.014753303527620488
-0.014741059650390296
-0.014726862653537775
-0.014716537094250694
-0.014707939614061732
-0.014696643347826294
-0.014683915722041668
-0.014673711029765522
-0.014662540641186194
-0.014649038916328244
-0.014636985436464389
-0.014629082727916035
-0.014616897480453377
-0.014605858805547302
-0.014594905732407728
-0.014580753244909882
-0.014568173723189609
-0.014559207507123181
-0.01455269724818373
-0.014536873150794116
-0.014528632431864693
-0.014518038115762355
-0.014505429333832013
-0.014492228287677465
-0.014479764263220004
-0.014469922727870219
-0.01445848178090014
-0.01444900601577695
-0.014439635034483311
-0.014426745361630335
-0.014418361174402072
-0.014407862095100926
-0.014391304391284165
-0.014378827693593974
-0.014368058445125793
-0.014355055142043327
-0.01434445740108349
-0.01433027967551867
-0.01432060559635327
-0.014313687550977386
-0.014300221101387815
-0.014290508392416483
-0.014281858228471977
-0.014271344157520802
-0.014257769459992542
-0.014247921781356254
-0.014233490561656247
-0.014224294517260722
-0.014209164608465611
-0.014201738729285394
-0.014192945007448719
-0.014185643862828837
-0.014173039689289919
-0.0141614904308972
-0.014148461253075263
-0.014137267335590236
-0.014127225337508976
-0.014117269218247812
-0.014106899046342146
-0.014100229391130365
-0.014090334221079519
-0.014083378489586832
-0.01407260911351191
-0.014065145266106933
-0.014058290814462939
-0.014050244602553597
-0.014040837598378247
-0.014028067343596783
-0.014016961356570596
-0.014007998561246827
-0.014001425265593791
-0.0139900697516823
-0.013975499088736812
-0.013963603781078072
-0.013951842668138929
-0.013939427260628124
-0.013926739195249789
-0.013915355131884527
-0.013909159433638487
-0.013895140094413743
-0.013882200857411273
-0.01387181160061955
-0.013861547081213338
-0.013854876058467313
-0.013847419272816207
-0.013838812028370003
-0.0138255958762869
-0.0138132225806742
-0.013798863414650635
-0.01379031407724718
-0.013779376965203599
-0.013764045514828509
-0.01375510082253154
-0.013745610652317304
