0.007267666429274344
0.007267666429274344
0.007267666429274344
0.007267666429274344
0.007267666429274344
0.007267666429274344
0.007267666429274344
0.007267666429274344
0.007267666429274344
0.007267666429274344
0.007267666429274344
0.007267666429274344
0.007267666429274344
0.007267666429274344
0.007267666429274344
0.007267666429274344
0.007267666429274344
0.007267666429274344
0.007267666429274344
0.007267666429274344
0.007267666429274344
0.007267666429274344
0.007267666429274344
0.007267666429274344
0.007267666429274344
0.007267666429274344
0.007267666429274344
0.007267666429274344
0.007267666429274344
0.007267666429274344
0.007267666429274344
0.007267666429274344
0.007267666429274344
0.007267666429274344
0.007267666429274344
0.007267666429274344
0.007267666429274344
0.007267666429274344
0.007267666429274344
0.007267666429274344
0.007267666429274344
0.007267666429274344
0.007267666429274344
0.007267666429274344
0.007267666429274344
0.007267666429274344
0.007267666429274344
0.007267666429274344
0.007267666429274344
0.007267666429274344
0.007267666429274344
0.007267666429274344
0.007267666429274344
0.007267666429274344
0.007267666429274344
0.007267666429274344
0.007267666429274344
0.007267666429274344
0.007267666429274344
0.007267666429274344
0.007267666429274344
0.007267666429274344
0.007267666429274344
0.007267666429274344
0.007267666429274344
0.007267666429274344
0.007267666429274344
0.007267666429274344
0.007267666429274344
0.007267666429274344
0.007267666429274344
0.007267666429274344
0.007267666429274344
0.007267666429274344
0.007267666429274344
0.007267666429274344
0.007267666429274344
0.007267666429274344
0.007267666429274344
0.007267666429274344
0.007267666429274344
0.007267666429274344
0.007267666429274344
0.007267666429274344
0.007267666429274344
0.007267666429274344
0.007267666429274344
0.007267666429274344
0.007267666429274344
0.007267666429274344
0.007267666429274344
0.007267666429274344
0.007267666429274344
0.007267666429274344
0.007267666429274344
0.007267666429274344
0.007267666429274344
0.007267666429274344
0.007267666429274344
0.007267666429274344
0.007267666429274344
0.007267666429274344
0.007267666429274344
0.007267666429274344
0.007267666429274344
0.007267666429274344
0.007267666429274344
0.007267666429274344
0.007267666429274344
0.007267666429274344
0.007267666429274344
0.007267666429274344
0.007267666429274344
0.007267666429274344
0.007267666429274344
0.007267666429274344
0.007267666429274344
0.007267666429274344
0.007267666429274344
0.007267666429274344
0.007267666429274344
0.007267666429274344
0.007267666429274344
0.007267666429274344
0.007267666429274344
0.007267666429274344
0.007267666429274344
0.007267666429274344
0.007267666429274344
0.007267666429274344
0.007267666429274344
0.007267666429274344
0.007267666429274344
0.007267666429274344
0.007267666429274344
0.007267666429274344
0.007267666429274344
0.007267666429274344
0.007267666429274344
0.007267666429274344
0.007267666429274344
0.007267666429274344
0.007267666429274344
0.007267666429274344
0.007267666429274344
0.007267666429274344
0.007267666429274344
0.007267666429274344
0.007267666429274344
0.007267666429274344
0.007267666429274344
0.007267666429274344
0.007267666429274344
0.007267666429274344
0.007267666429274344
0.007267666429274344
0.007267666429274344
0.007267666429274344
0.007267666429274344
0.007267666429274344
0.007267666429274344
0.007267666429274344
0.007267666429274344
0.007267666429274344
0.007267666429274344
0.007267666429274344
0.007267666429274344
0.007267666429274344
0.007267666429274344
0.007267666429274344
0.007267666429274344
0.007267666429274344
0.007267666429274344
0.007267666429274344
0.007267666429274344
0.007267666429274344
0.007267666429274344
0.007267666429274344
0.007267666429274344
0.007267666429274344
0.007267666429274344
0.007267666429274344
0.007267666429274344
0.007267666429274344
0.007267666429274344
0.007267666429274344
0.007267666429274344
0.007267666429274344
0.007267666429274344
0.007267666429274344
0.007267666429274344
0.007267666429274344
0.007267666429274344
0.007267666429274344
0.007267666429274344
0.007267666429274344
0.007267666429274344
0.007267666429274344
0.007267666429274344
0.007267666429274344
0.007267666429274344
0.007267666429274344
0.0077703537447899595
-0.00012043139169248818
0.018834592091671265
0.018836268361184016
0.018837693335916672
0.026206011969880816
0.03798441451224188
0.037701044369423675
0.0377061722376415
0.03771263216505227
0.05701502359720134
0.056557208209754295
0.05656372549277555
0.05657436469334076
0.07101621191024643
0.05629508547938822
0.05627478192850921
0.0626548673244447
0.05782301357176478
0.056649412765007234
0.05665940497812372
0.056669636316083905
0.056680096449882145
0.061415492545323636
0.06639957819856246
0.055577779015923756
0.04992176830020645
0.07552660667393751
0.08330175027969755
0.05677461535849071
0.05279637443522511
0.06065030905302771
0.07559601036890218
0.07931687331493964
0.07561492437446127
0.07562778203452702
0.07183012401321998
0.07564744802335222
0.07201352578803455
0.09022592708680266
0.0909571138481915
0.09031846827975376
0.08421882378482093
0.0757183542338038
0.10142783275251244
0.07853394921545553
0.07574715551865241
0.07763356022687429
0.09713954777062606
0.09070015724820113
0.09073121142245122
0.09076228663587327
0.090793383411502
0.08412052285685001
0.08453100530278124
0.07583991889559583
0.07810561136661942
0.0844383491645373
0.07936315025176732
0.07589709268926281
0.0590156300827378
0.03837548361333032
0.038402977922366466
0.0351808247245351
0.02325201392150844
0.03525216402557274
0.003215749924877942
0.0008575940103257018
0.0008899254622158903
-0.006481042763471612
-0.008486472840483428
-0.011814980088305171
-0.015456309711026961
-0.018604082803144184
-0.015519841513429
0.005672379601742827
-0.009631713096098116
-0.00964436942503677
0.0009378923305665143
0.000959273241316394
0.007605696209025181
0.0009217179108762519
0.0009435969928222043
-0.00926204129644348
0.0009880252284601987
0.012359083712396357
0.0010332527147325354
0.00268589292762611
-0.0059006701413673035
-0.0012356501472778891
0.017302897417634577
0.02006092572429541
0.02008379787802772
0.02009525544194779
0.020118198206136473
0.004944831178885112
0.0012113899126258154
-0.006032682154370361
-0.006449725953526997
0.0012583150370872875
-0.017209563538611583
-0.009658560623859724
0.0013047913748909234
0.0013163048554143408
0.0013277660454389384
0.0013391697201010633
0.0013505105438100795
0.001361783072523881
0.020976716755519043
0.020964372542532805
0.011212740125962517
0.02094088157819285
0.02092974798192948
0.02091903107703863
0.030341139737695366
0.030341139737695366
0.030341139737695366
0.03919972737491473
0.15421028748558463
0.3114345479642062
0.4865045396937415
0.6263506352768987
0.8407055189556559
1.0881831806379911
1.2328109620247734
1.3345993427042755
1.4579227343761059
1.602547099411019
1.709050203423013
1.8230054936008409
1.8834820638567966
1.906916330681435
1.9439770490529336
2.0412166558746736
1.9868240218508197
2.0073175920740116
2.0044952134657845
2.0066225761689624
2.0168235114053235
1.987716003936461
1.9879191847010071
1.9674399385245713
1.9772545801390522
1.9674577613554538
1.9747686828514954
1.9777597965399236
1.967484468281702
1.9671171990646568
1.9561906122093888
1.9645456943343744
1.9584080452893748
1.9473380062114818
1.9566297436121614
1.9496577956528212
1.9580370952662993
1.9478666008464245
1.9570080198269688
1.9795097431788204
1.978752890310376
1.9769100319168498
1.966119719209398
1.9525337824622664
1.9558237071072158
1.9488289669954324
1.9270311564429816
1.929285428880865
1.9248937357159261
1.9252567669875549
1.929513323578067
1.9403447253199406
1.9559874634146195
1.949668952490699
1.947547558056788
1.9476169895341953
1.9455022490127778
1.9277583804527316
1.9219267087035719
1.9301365335536658
2.0185605782018587
2.1049488045774702
2.2564691957311998
2.298513904581787
2.417719850674808
2.5423199326727532
2.577401134384715
2.663358409486829
2.6895932179158804
2.6998333110719246
2.748788991427263
2.7627527239052894
2.7782647122549102
2.7818575436832322
2.782026753126046
2.791229968776717
2.827358140115238
2.82617653606908
2.7642710547490505
2.7492729783471668
2.7315146449030383
2.723357233649134
2.714094133906852
2.720714731907875
2.7207312384787836
2.7224909785719404
2.714026325387141
2.722612847545439
2.7227374392965875
2.731356759825074
2.722864722673493
2.7520252446350737
2.7379071182581614
2.755826848405709
2.749933017470391
2.75217415109419
2.7879550790292447
2.7347350311747185
2.7865507969254724
2.7523080483675546
2.734879167885029
2.731218037191719
2.7212489143216496
2.7584068486346403
2.731190621698946
2.732784386695573
2.7801313390054037
2.742072797072517
2.7525705046083084
2.7421718518159732
2.7185589937308885
2.7358178473958024
2.7379989080723766
2.732943326519998
2.731146032513106
2.735238849095032
2.745305585520912
2.7961863310551025
2.8828848372195317
2.866702521051028
2.9258241394231184
2.9838768351942306
3.03670299767853
3.0582337153998234
3.0869966332861027
3.1000029270372553
3.1165538638214856
-3.1397066226274672
-3.1208705820275258
-3.121090399012647
-3.092821387591342
-3.0832717933246165
-3.0739537212095014
-3.0810062730482333
-3.083366607742321
-3.083411451881518
-3.0873093194731465
-3.087236184214891
-3.0895367067966104
-3.0556490449341567
-3.1023689367185527
-3.1024054336192792
-3.102428807847848
-3.103800421207316
-3.1037723493702076
-3.1024839559431543
-3.1024944328126027
-3.1025148467812538
-3.087428691294132
-3.0837188497971404
-3.0837386308399064
-3.0837577236909715
-3.0837577236909715
-3.0909271819723343
-3.0837939180933462
-3.0849274583585578
-3.086511344729699
-3.0712312238930046
-3.0846061804452694
-3.0845259279596036
-3.102679313293507
-3.10268650338915
-3.102693576178828
-3.1027005359172968
-3.1027073869704513
-3.07811310429272
-3.0612582232134002
-3.065684699145992
-3.062518275641547
-3.102740172268043
-3.102740172268043
-3.103942881994521
-3.1028014014527625
-3.1038984947910104
-3.102764928010936
-3.044937053101119
-2.978860451594254
-2.7520561147065608
-2.5735322133289813
-2.421484516270403
-2.247331230497956
-2.089983849961067
-1.9759705700233834
-1.8373429253962534
-1.7018642897924785
-1.63783008533769
-1.5819941286253378
-1.544790106576579
-1.5103047445927889
-1.5230518842772556
-1.494641785139978
-1.4988032956725417
-1.4866821838491382
-1.495335568282718
-1.5015743560553863
-1.4947903281331172
-1.4653324229977303
-1.4948426525801928
-1.485272096060969
-1.5079369401227565
-1.5095576597641824
-1.4949341556549878
-1.4949536537390764
-1.5178662844033033
-1.5197983674105866
-1.5196004796384308
-1.5138128242440176
-1.5056810561121723
-1.5057283986277024
-1.4955829132427771
-1.4955769398439402
-1.4951128859942688
-1.495131391432761
-1.4951498602083628
-1.5180221756907613
-1.5139604451497148
-1.5126434111569944
-1.5139880107254355
-1.4955265500884738
-1.495219398582044
-1.506312351004154
-1.4952552458249788
-1.508228413943704
-1.5142834224772828
-1.518531617693907
-1.5187449645749496
-1.5140911678848492
-1.514108026087364
-1.51411629825671
-1.528763980300679
-1.5141324899546005
-1.5226919943035608
-1.521656585726603
-1.5329806867032882
-1.5304050072006121
-1.5241690471841118
-1.531066477174432
-1.5889789782929764
-1.6639638893529174
-1.7119321872158197
-1.8239782296063147
-1.9146350951119144
-1.9920629419902331
-2.070112243396226
-2.1268005893942856
-2.138168325098894
-2.2091996235221227
-2.216561969230053
-2.248536522456776
-2.2408982827622115
-2.2333732006732774
-2.2324016080752207
-2.235626144130861
-2.2466784848862202
-2.2544673811219713
-2.25591663721572
-2.257566099873616
-2.2338383526307846
-2.2488146107767584
-2.2544091276457845
-2.277525925260125
-2.2776381787804283
-2.2480791110087033
-2.246364500998266
-2.2319482924748293
-2.24082312813575
-2.2318334143869105
-2.251831296554892
-2.238280913965438
-2.2235748836963802
-2.239966107813892
-2.2375889409210146
-2.213816820665082
-2.230431722439894
-2.2376795091964627
-2.222828135465372
-2.2305098858987673
-2.221713141384261
-2.2377977846804153
-2.203467596713473
-2.2062843068740836
-2.2063362901439003
-2.211298073303169
-2.227865549688935
-2.206552188406265
-2.202659936828937
-2.2032707713195503
-2.2067643544645588
-2.226662306016502
-2.201286634519618
-2.1968416693088013
-2.1968695302136263
-2.2120140932195405
-2.2120422179528507
-2.1809505498421373
-2.180982919596273
-2.187929664201601
-2.1708193438859213
-2.1708496521329286
-2.1480478256394164
-2.067870146576725
-1.9003981581351637
-1.7296510570883825
-1.5351308198849098
-1.345542385530146
-1.216795388474429
-0.9736341925412875
-0.7787970065492975
-0.6001628699880213
-0.4511934908718582
-0.3471074373352063
-0.23309673039286571
-0.14524312957763197
-0.09565716815789638
-0.05812801409822832
0.033568401386562474
0.019390221085380244
0.056826998019251285
0.055006233713835506
0.08482997006052595
0.0925439914282522
0.09254779999495732
0.0953735382966987
0.09433062558373417
0.09257284464698934
0.09257842422357765
0.089788598147996
0.08924576134084927
0.09177368795447705
0.09164919551649375
0.09262054058524694
0.07705265731825617
0.07597798204534478
0.09239006799630034
0.07600484402670538
0.07393663207604884
0.05636815754317559
0.0906300861097693
0.05518936193492352
0.05519569468343355
0.05143451963264689
0.061585589185364276
0.055222052469335425
0.04353810713923001
0.053825849356077926
0.0537830057152493
0.05373849085929816
0.06151267801475302
0.05364436457945865
0.06817507318335703
0.05478001682563072
0.05471109098976101
0.054644239081648394
0.05457943778537122
0.06311256615778604
0.06422154876698438
0.07520070452274874
0.058941460282318614
0.049305876147847316
0.02626566156713861
0.13766569369297454
0.26923189538100756
0.4381305724046367
0.6327982823531416
0.8348995259581036
1.0295357021565068
1.19328352839507
1.3471462116129604
1.4756818952442978
1.6143365112624193
1.7196275953669928
1.870494483225087
1.986782799932766
2.110816196744696
2.2328963897045466
2.3922675111819576
2.505034426737753
2.626428985969345
2.7064265271325194
2.795259671419461
2.8737260598529137
2.914540901364708
2.958247909715011
2.972921664388359
3.0050042945701314
3.0278709333773737
3.057979018535394
3.0570810343870725
3.0652189002485537
3.0607523709499014
3.072604412261083
3.0699570615138856
3.0619308246800694
3.0496645749013442
3.027087587968981
3.0340058326427393
3.036386257344068
3.0277015050612426
3.0229780982265444
3.060590406559096
3.0350074914250094
3.0521980108506144
3.0310291875723423
3.024681004224197
3.0657627545603616
3.031212872847651
3.0090599501827606
3.0090517501100136
3.034573928098795
3.0150646430311374
2.998893626669472
2.995320331847792
3.01503106949197
2.998309708719183
2.9956493977354017
3.009028288729308
2.9982175401595104
2.9953011111143892
3.0090149453999664
2.994998035585395
3.0140128273400375
3.014870863946085
3.0148668238304968
3.0099041222583427
3.054740495186426
3.0662284796547103
2.9876259253446724
2.9766872226702388
2.968887721032887
2.9502863973102933
2.9233215085501616
2.710494391251415
2.5720308560237637
2.4261219363276756
2.234733798650197
2.1097009337379724
1.9780564358690047
1.8701328633835623
1.772682863168078
1.696054706139458
1.6396973765105556
1.6015473933366124
1.5526786078315353
1.5204149834272622
1.4997729716868968
1.4850790992940421
1.4977263043444446
1.4480438161937366
1.473224771395798
1.4840545925865674
1.4967642882840202
1.4972143778880895
1.490881784121631
1.494411805478616
1.4888932068090779
1.4955445550807092
1.4965508194676607
1.501131530733939
1.5118286385456223
1.492043334120931
1.4974284546324477
1.5120324875772653
1.5128018263082303
1.5125994548454897
1.5014109237836855
1.5033229060042068
1.504462002457612
1.5055925975818054
1.5038031693166911
1.5111856133822308
1.5110805423402114
1.5105635729799531
1.5118282983339342
1.5102999429562576
1.512181615428099
1.512710322570748
1.5133104666596806
1.5047212838844746
1.5104540523422039
1.5104109989884105
1.509584936379814
1.5240782161969375
1.5102467545621885
1.5322316021422753
1.5244003928852494
1.528940096844457
1.5468378338349855
1.5467779662331766
1.5511532111514894
1.5511652777620295
1.5511775989929062
1.55658184767277
1.5532958725970378
1.5490677177802294
1.5490677177802294
1.5490677177802294
1.5490677177802294
1.5649610330437007
1.5490677177802294
1.5490677177802294
1.5490677177802294
1.5490677177802294
1.5490677177802294
1.5490677177802294
1.5490677177802294
1.5490677177802294
1.5490677177802294
1.5649610330437007
1.5490677177802294
1.5490677177802294
1.5649610330437007
1.5649610330437007
1.5490677177802294
1.5490677177802294
1.5490677177802294
1.5490677177802294
1.5649610330437007
1.5490677177802294
1.5490677177802294
1.5490677177802294
1.5490677177802294
1.5490677177802294
1.5649610330437007
1.5490677177802294
1.5490677177802294
1.5490677177802294
1.5490677177802294
1.5649610330437007
1.5649610330437007
1.5490677177802294
1.5649610330437007
1.5649610330437007
1.5649610330437007
1.5490677177802294
1.5490677177802294
1.5490677177802294
1.5490677177802294
1.5490677177802294
1.5490677177802294
1.5490677177802294
1.5490677177802294
1.5490677177802294
1.5649610330437007
1.5490677177802294
1.5490677177802294
1.5490677177802294
1.5532958725970378
1.5490677177802294
1.5490677177802294
1.5490677177802294
1.5490677177802294
1.5490677177802294
1.5490677177802294
1.5490677177802294
1.5490677177802294
1.5490677177802294
1.5490677177802294
1.5490677177802294
1.5490677177802294
1.5490677177802294
1.5490677177802294
1.5490677177802294
1.5490677177802294
1.5490677177802294
1.5490677177802294
1.5490677177802294
1.5490677177802294
1.5490677177802294
1.5490677177802294
1.5649610330437007
1.5490677177802294
1.5490677177802294
1.5490677177802294
1.5490677177802294
1.5490677177802294
1.5649610330437007
1.5490677177802294
