-0.0005561621164811298
-0.0006864334030485996
-0.0008608636547428965
-0.0009853341630997735
-0.0010148596196407021
-0.0011506611382843493
-0.0012081012181551199
-0.0012651768930292586
-0.0013784686102528238
-0.0015154906146448849
-0.001653533245887866
-0.001795366243081818
-0.0019223855215676085
-0.00192247315887995
-0.0019264652445461967
-0.0019304632230433367
-0.0019344612137056798
-0.0019384592010350194
-0.001942457184998363
-0.001946455165595545
-0.0019504531428245538
-0.0019544511166861866
-0.0019584490871819597
-0.001962447054310817
-0.0019664450180716607
-0.001970442978465776
-0.0019744409354936487
-0.001978438889154221
-0.001982436839448442
-0.0019864347863743624
-0.001990432729933482
-0.001994430670127609
-0.001998428606953825
-0.002002426540413506
-0.0020064244705077492
-0.002010422397234258
-0.00201442032059396
-0.0020184182405868826
-0.002022416157214834
-0.002026414070473161
0.0031625945124124427
0.01125990983960388
0.018266640367809475
0.02463294457616726
0.028940927273679255
0.032569581743443134
0.03388242833931967
0.033876666430438414
0.03462856809068975
0.03248050983474723
0.030093529122225644
0.029143004561902632
0.028097045199233343
0.027647074687328358
0.027387755201820276
0.027394728955252346
0.027508733432161172
0.027635704195671226
0.027678473774822018
0.026665159301509197
0.026665382538010242
0.026667602047236175
0.02704882180047689
0.027336825911724236
0.027580627692831056
0.027769125752585857
0.027841522577379044
0.027885091468477133
0.027838326760781986
0.027777074369235575
0.027837014742946455
0.027800066521865622
0.02780501828977762
0.027740324052127324
0.027761124283706837
0.02522422680775619
0.025941191640163484
0.025693236732054908
0.02620875078723658
0.026655078648130364
0.027800769483936238
0.028686175124361796
0.029814721476409477
0.02966876239735833
0.028959765088960764
0.028293844834572663
0.027434508274203347
0.02839198505634312
0.028143625905787107
0.02789236632128416
0.025788904350675216
0.025987366024722076
0.0256369753096797
0.02599212165435643
0.026181407891193168
0.026010845316799057
0.025716443791796707
0.02539693721354309
0.025176234665083033
0.024535902341898223
0.024392277148146336
0.020503983257105136
0.012191641212093535
0.006924274665984767
0.0021181340290497446
-0.001198803840874701
-0.0032336443095268962
-0.003970841198712731
-0.0037138833664141883
-0.0025778289057385713
-0.003510055675971714
-0.0028020797958979104
-0.0018061053188240532
-0.00045919043245098984
0.000752247922785324
0.0016200993172537882
0.0022844214348071105
0.002483726756314347
-0.0009245127664228
-0.0011304740675852933
-0.0014607155490209704
-0.0008450364368399517
-8.377023096477063e-05
0.0007457552876019345
0.0014586887259698776
0.002012278248319848
0.0023678459835089556
0.002453942800273972
0.0022406630391018745
0.001792017888571241
0.0016414753359967767
0.0014751841593055603
0.0016410753617243574
0.0020688273182836673
0.002452919001473554
0.00217927055997354
0.0018873315917491307
-0.0010499477936305897
-0.00028367403723102597
4.9728899251643624e-05
0.0007852037918750622
0.0014310646429958427
0.001992791802028906
0.00225748535223459
0.002278769367244356
0.0020975340146798934
0.0019253653689004346
0.0016744427018388242
0.0015367447826859896
0.001429657997153988
0.0012791474113401735
0.0011101200681361957
0.0014174792897739352
0.0014503926115973901
0.0011453098990679446
0.0021576654076069053
0.0003662325921818657
-0.0003525211541482052
-0.000984064436542038
-0.0005864404460088023
0.00022752751161277384
0.05169984122899195
0.23156198302058237
0.5172051833281975
0.6978849552801997
1.0282329103585368
1.3289707347653836
1.6161745368601792
1.823345549492021
1.9600167632961771
2.0288584105895446
2.0489344429060927
2.040688278927736
2.0187947568670572
1.9931216159984684
1.9679763464451596
1.9459677788485927
1.9262261754003913
1.905586546161598
1.892101713484784
1.8783487980977593
1.8685757220141093
1.8628335373794254
1.8593514675618907
1.8571027842823329
1.8566031266755432
1.857733856405812
1.8588234969262334
1.8611315589392454
1.862296256719532
1.8635276053843923
1.863914744997656
1.863795193313958
1.8631625862858623
1.862323010929537
1.8609281503033435
1.8595709511120442
1.8583811271392257
1.8577395097871683
1.8564364369130186
1.8553403712571237
1.8543294143930291
1.853135979672389
1.8520401211249453
1.8500120492063745
1.848349048368081
1.846673854531225
1.8457748478589362
1.845226436113582
1.8452170946472937
1.8451409959160712
1.8454254294575938
1.8440766383523617
1.8431827961391853
1.840958439739787
1.838518200239774
1.8368742858708416
1.8341041671522895
1.8314527856001
1.827933819106738
1.8250616824084207
1.824224182096482
1.9200046482390094
2.076023322917211
2.234183586700638
2.3692479239562796
2.4759250281022673
2.557171846254584
2.607401538165391
2.6381471298318413
2.6620063944083516
2.6779602842769257
2.686378883338323
2.6897299069177873
2.6888851872203086
2.685210475715115
2.6804377792327774
2.674282439521241
2.6709709217700364
2.668258517383452
2.6672135332212457
2.666823624339663
2.666899322727313
2.667098499132019
2.667365914208963
2.6676202958565125
2.667810579143025
2.667858042777548
2.6677059530570055
2.667440338328554
2.6669834722221584
2.6665836224283783
2.666113610643825
2.66573712411543
2.6654529415524117
2.6650401909916424
2.6645849838649363
2.6646250313859854
2.664802491429693
2.663422806166014
2.662729368254124
2.6614786863929876
2.6612895986568184
2.6607098129505435
2.660817861279913
2.6612343640475316
2.6613031921199095
2.6616514965173623
2.6617590519710066
2.6628190524242408
2.6642407188735953
2.6650400181846297
2.6652683363341327
2.6645163569703567
2.6637820482968984
2.6627910991912915
2.6609973446252884
2.659294374899661
2.6583282366586336
2.657969794844428
2.6576285173565544
2.719806798314035
2.795316220004231
2.8721030971377144
2.9398720846990414
2.9952501058686494
3.036301296177264
3.0735004120667466
3.1056209818403917
3.124212202169881
-3.14100666159757
-3.13198847975711
-3.128704082711973
-3.126909815459737
-3.127193020817374
-3.1290756859701565
-3.1312595854399903
-3.1339748086418533
-3.136033461768472
-3.1376060146948417
-3.140901317575905
3.141471946117521
-3.13951743629422
-3.1392884475588962
-3.1384021721859208
-3.1389117744064654
-3.137965295650989
-3.137050460830696
-3.1369511786247606
-3.1377702208813023
-3.1383417902083384
-3.1380019823336585
-3.1376612838106035
-3.137343339881947
-3.13697510101355
-3.1365984016972304
-3.1364037715286033
-3.1364222193891207
-3.1366263571882365
-3.1370170411197
-3.137444062197605
-3.137933550228521
-3.137775916208586
-3.13769116830678
-3.1388357802969753
-3.1410177005761857
-3.1414221747011695
-3.141592311555381
3.140965047122712
3.1403535427231835
3.1370838600828255
3.136989500603276
3.1375516848706186
3.139172906722033
3.141002786956024
-3.141398644734366
-3.1399103068103003
-3.1389326835347426
-3.1396069795812043
-3.1414230610377163
3.1396957923460502
3.1388203423116297
3.1386620022099985
-3.08345991930612
-2.875694590229951
-2.590063476941085
-2.308352949984678
-2.068982432413089
-1.8649793978451334
-1.7156640264040297
-1.6044840961147537
-1.527086209203304
-1.4845940064839533
-1.462860180590886
-1.455524864465506
-1.4611370941419874
-1.4714862448804218
-1.4839757817374528
-1.496551569750716
-1.5070645815870765
-1.514452689977811
-1.520431538576549
-1.5239725955410859
-1.525767413817434
-1.5260660971024922
-1.525727917312201
-1.5248578563026514
-1.5238945372265824
-1.523285073872625
-1.5230373358676037
-1.5231983761995114
-1.5239251908685796
-1.525007452229364
-1.5261292089845127
-1.5273274832283814
-1.5281950775669169
-1.528863696916605
-1.529357166401557
-1.5299829268941763
-1.5302581306389027
-1.530661115927052
-1.5310318994908145
-1.53140361310386
-1.531985829212627
-1.5324869946027793
-1.5331604648653676
-1.5338466694248578
-1.5347909665918789
-1.5357507677062483
-1.5367109641749988
-1.5377249520541925
-1.538877950379246
-1.5399131291260966
-1.541227532989428
-1.542391917196597
-1.5438051916669893
-1.5452776260404109
-1.5467934374785768
-1.5485024610396914
-1.5490332994699407
-1.5502653360453955
-1.5531383171865776
-1.5550897992982045
-1.6105008834982382
-1.7150248807684214
-1.8449525297666118
-1.9534991798884997
-2.046840383177295
-2.12455599880536
-2.1781547051141166
-2.212328795149115
-2.225070535543599
-2.2300978703755234
-2.228630015652715
-2.2209285854069902
-2.213569305897696
-2.2047774445984945
-2.197400578776054
-2.1923615425180185
-2.189291357110704
-2.1871035177925924
-2.185916324178899
-2.186052562879738
-2.18663158650912
-2.1874110580126
-2.188257985961622
-2.1889377409439303
-2.1894457186103606
-2.189968142945581
-2.190948694166218
-2.1909107207002236
-2.1906957323560885
-2.1900651054410183
-2.1893490423195776
-2.1885456697089465
-2.1878457130992954
-2.1872769223132433
-2.186790497268999
-2.1865064198052697
-2.186387994047461
-2.1862274850966266
-2.1862924407190643
-2.186330558560839
-2.1862976404571595
-2.186202165121813
-2.186044201054661
-2.185845832548199
-2.1856048325620145
-2.1853267072058484
-2.185086843504303
-2.1848883853352907
-2.184758598361014
-2.184514385571139
-2.184075698846136
-2.1836431625041444
-2.183149704852988
-2.1827482663208113
-2.1822186030371844
-2.1813462938754844
-2.1803849567004994
-2.179687579531314
-2.1795841059074963
-2.17987999811358
-2.1803289394981924
-2.0356397326995723
-1.717930801722839
-1.3151631435129107
-0.9092488133144861
-0.5847101981041428
-0.3056432055844192
-0.08612263064169787
0.047052551060611854
0.10315494695540602
0.11204281429425123
0.09031154602617428
0.05870589221310381
0.013890111111417887
-0.021116983564322893
-0.05710730420479276
-0.08614375908774351
-0.10958533642448787
-0.12199272978277671
-0.13131700101978913
-0.13651482218168143
-0.13865123510520128
-0.13964594095483554
-0.13932570676355577
-0.1382460119339633
-0.137477261201668
-0.13706744477804728
-0.13609784107159276
-0.13572262885718384
-0.13495214251657817
-0.1350503842814499
-0.13480224382696954
-0.13602999196222929
-0.13680078109121907
-0.13697763090792725
-0.13750624174358275
-0.13748501025683488
-0.1387419091158592
-0.13914367107589531
-0.1409340482619193
-0.14089629419197808
-0.14199380561476246
-0.14313968002367142
-0.14392855733323914
-0.14435705059366644
-0.14565124523736683
-0.14690319976225932
-0.14640480081992072
-0.14633121730386167
-0.1471129349336741
-0.14725297171627966
-0.1487544448237943
-0.15076105406342794
-0.15285982213819815
-0.15578485734886668
-0.15752733875044128
-0.15858787256408952
-0.16072678520543557
-0.16292157138385072
-0.1654006509332471
-0.16577817509514203
-0.06758925376083828
0.15675009766146833
0.5365738613516601
0.9969435543052987
1.428384535293632
1.9280764760262414
2.365192136239815
2.6782549436884455
2.896158092042531
3.022829403710401
3.095030355062968
3.1175237292761113
3.098729556508179
3.0683302597952533
3.0260598462516133
2.9824374769821387
2.9459431908126947
2.9129034391831663
2.8910974030483247
2.875605328732395
2.8671324533431237
2.863445415388701
2.8630110262372
2.865807038572712
2.8691161722264518
2.8721892586757676
2.8745853644669768
2.876495205578727
2.8768223806514492
2.8761905680318045
2.874899037168868
2.873117881806468
2.8714292955818035
2.86955790734598
2.8677784295531725
2.8660130666035064
2.8643890541624435
2.8626271267593526
2.860750142996735
2.8591273794555057
2.85770704200797
2.8562982746721275
2.8548074383329944
2.853321094924215
2.8516959071916097
2.8499911068116313
2.848221007186109
2.846478674824791
2.8445196277727116
2.842469363303962
2.840359483114643
2.838154819903466
2.835759847073975
2.8331236881638833
2.8302367349516593
2.82742590979909
2.824421761957108
2.8211227253348112
2.8178113688013555
2.8137436149853507
2.8092085401760016
2.802803201794856
2.6649447796386063
2.442887482996809
2.212144195578354
2.014815714422795
1.8423107491992656
1.7122383555776346
1.6022132670256373
1.5234255622002641
1.4735504901612226
1.4472970359704687
1.4387181685903916
1.441562422144024
1.4480431243121545
1.4589793414678334
1.4691338933817222
1.4806047342591635
1.489261718821512
1.4962474716268617
1.4996433640854625
1.5023114648929248
1.5038800747212533
1.5044670580720245
1.5045726078434032
1.504179324168779
1.506004713266463
1.5055302956268692
1.5051823776036326
1.5041374133727665
1.5032038674947015
1.5027677236921553
1.502187286151289
1.501804070957833
1.5021634711769247
1.501991688959154
1.5023063450723668
1.5026288241538885
1.503143117004276
1.504987366548893
1.505773103075771
1.505582187693174
1.505895790950963
1.5059722637819764
1.5063972760446447
1.506867342646831
1.5074774951656562
1.5081253412026325
1.5088381228848005
1.509428605067517
1.5100290935881495
1.5105041933204135
1.5110570704545463
1.5114704584712693
1.5119591173815752
1.5143760316800787
1.5147287749968035
1.5153062362015346
1.5150919122453825
1.5159395443963415
1.5152100011894944
1.5152057266847743
1.514602193967069
1.513533043977785
1.5129270775865011
1.5128153609659565
1.5127185656569897
1.5127096419759452
1.512706204397228
1.5127027901539394
1.5126993760512792
1.5126959619459932
1.5126925478371989
1.5126891337248918
1.5126857196090753
1.5126823054897456
1.5126788913669087
1.5126754772405653
1.5126720631107107
1.5126686489773482
1.5126652348404868
1.5126618207001221
1.5126584065562527
1.5126549924088823
1.5126515782580117
1.512648164103643
1.5126447499457716
1.5126413357844053
1.5126379216195454
1.5126345074511884
1.5126310932793385
1.5126276791039925
1.5126242649251567
1.512620850742828
1.5126174365570104
1.5126140223677058
1.512610608174913
1.5126071939786332
1.5126037797788663
1.5126003655756168
1.5125969513688884
1.5125935371586714
1.5125901229449785
1.5125867087278009
1.5125832945071471
1.5125798802830148
1.5125764660554084
1.512573051824323
1.5125696375897644
1.5125662233517347
1.51256280911023
1.5125593948652558
1.512555980616812
1.5125525663648967
1.5125491521095131
1.5125457378506628
1.5125423235883502
1.5125389093225714
1.512532080780624
1.512528666504462
1.5125252522248347
1.5125218379417478
1.5125184236551996
1.5125150093651982
1.5125115950717432
1.5125081807748364
1.5125047664744673
1.5125013521706487
1.5124979378633836
1.5124945235526668
1.5124911092384956
1.5124876949208776
1.5124842805998089
1.5124808662752913
1.512477451947333
1.512474037615936
1.5124706232810932
1.5124672089428046
1.5124637946010797
1.5124603802559111
1.512456965907306
1.512453551555262
1.51245013719978
1.512446722840863
1.5124433084785138
1.512439894112733
1.512436479743521
1.5124330653708744
1.5124296509948032
1.5124262366153032
1.5124228222323728
1.5124194078460165
1.512415993456231
1.5124125790630198
1.5124091646663869
1.5124057502663317
1.5124023358628615
1.5123989214559677
1.5123955070456554
1.5123920926319256
1.5123886782147775
1.5123852637942126
1.5123818493702312
1.5123784349428349
1.51237502051203
1.5123716060778134
1.512368191640184
1.512364777199149
1.5123613627547023
1.512357948306854
1.5123545338555977
1.512351119400937
1.5123477049428695
1.5123442904813982
1.512340876016524
1.5123374615482543
1.512334047076582
1.5123306326015127
1.512327218123048
1.5123238036411877
1.5123203891559325
1.512316974667284
1.5123135601752395
1.512310145679801
1.512306731180971
1.5123033166787552
1.5122999021731462
1.5122964876641503
1.5122930731517754
1.5122896586360113
1.5122862441168625
1.5122828295943322
1.5122794150684193
1.5122760005391251
1.512272586006448
1.5122691714703949
1.5122657569309659
1.5122623423881536
1.5122589278419756
1.5122555132924227
1.5122520987394943
1.512248684183192
1.5122452696235171
1.5122418550604717
1.512238440494058
1.512235025924275
1.5122316113511254
1.5122281967746094
1.5122247821947323
1.5122213676114935
1.5122179530248918
1.5122145384349244
1.512211123841594
1.5122077092449058
1.5122042946448604
1.512200880041462
1.5121974654346997
1.512194050824584
1.5121906362111182
1.5121872215943053
1.5121838069741376
1.5121803923506176
1.5121769777237486
1.5121735630935256
1.5121701484599568
1.5121667338230418
1.5121633191827817
1.5121599045391787
1.512156489892237
1.5121530752419512
1.5121496605883258
1.5121462459313606
1.5121428312710554
1.512139416607409
1.5121360019404304
1.5121325872701221
1.5121291725964714
1.5121257579194838
1.5121223432391737
1.5121189285555303
1.5121155138685576
1.512112099178254
1.5121086844846212
1.5121052697876611
1.5121018550873797
1.51209844038377
1.5120950256768377
1.5120916109665843
1.5120881962530126
1.5120847815361187
1.5120813668159059
1.5120779520923786
1.5120745373655338
1.5120711226353687
1.5120677079018923
1.512064293165104
1.5120608784250025
1.5120574636815827
1.5120540489348615
1.51205063418483
1.5120472194314905
1.5120438046748446
1.5120403899148893
1.5120369751516285
1.5120335603850672
1.5120301456151994
1.5120267308420328
1.5120233160655605
1.5120199012857953
1.5120164865027301
1.5120130717163647
1.5120096569267039
1.5120062421337483
1.5120028273374948
1.5119994125379548
1.5119959977351187
1.5119925829289953
1.5119891681195796
1.511985753306879
1.5119823384908888
1.5119789236716124
1.5119755088490507
1.5119720940232024
1.5119686791940727
1.5119652643616655
1.5119618495259732
1.511958434687
1.511955019844748
1.5119516049992219
1.511948190150419
1.5119447752983377
1.5119413604429812
1.5119379455843518
1.5119345307224539
1.5119311158572875
1.5119277009888457
1.5119242861171365
1.5119208712421564
1.511917456363913
1.5119140414824022
1.5119106265976276
1.5119072117095862
1.5119037968182836
1.5119003819237182
1.5118969670258977
1.511893552124814
1.5118901372204727
1.5118867223128778
1.5118833074020275
1.5118798924879238
1.5118764775705587
1.5118730626499384
1.511869647726073
1.511866232798953
1.511862817868594
1.5118594029349848
1.5118559879981268
1.5118525730580208
1.5118491581146725
1.5118457431680816
1.5118423282182434
1.5118389132651615
1.5118354983088402
1.51183208334928
1.5118286683864834
1.5118252534204508
1.5118218384511772
1.5118184234786676
1.5118150085029276
1.511811593523953
1.5118081785417463
1.5118047635563097
1.511801348567643
1.5117979335757454
1.511794518580619
1.5117911035822669
1.511787688580694
1.5117842735758922
1.511780858567872
1.5117774435566265
1.511774028542163
1.5117706135244775
1.5117671985035697
1.5117637834794417
1.511760368452106
1.5117569534215507
1.5117535383877807
1.5117501233507973
1.5117467083106044
1.5117432932671973
1.5117398782205802
1.5117364631707535
1.5117330481177167
1.5117296330614736
1.5117262180020292
1.5117228029393759
1.5117193878735198
1.5117159728044638
1.5117125577322093
1.511709142656753
1.5117057275780958
1.5117023124962377
1.5116988974111811
1.51169548232293
1.5116920672314864
1.5116886521368484
1.5116852370390206
1.5116818219380008
1.5116784068337947
1.5116749917263894
1.511671576615801
1.5116681615020202
1.5116647463850525
1.5116613312649003
1.5116579161415664
1.5116545010150497
1.5116510858853496
1.5116476707524733
1.5116442556164158
1.5116408404771817
1.5116374253347624
1.5116340101891663
1.5116305950403963
1.5116271798884564
1.51162376473334
1.511620349575051
1.511616934413595
1.5116135192489681
1.5116101040811731
1.5116066889102107
1.51160327373608
1.5115998585587833
1.5115964433783207
1.5115930281946939
1.5115896130079078
1.5115861978179583
1.5115827826248467
1.5115793674285825
1.511575952229158
1.5115725370265785
1.5115691218208398
1.5115657066119443
1.5115622913998965
1.5115588761846936
1.511555460966346
1.5115520457448435
1.51154863052019
1.5115452152923963
1.5115418000614544
1.511538384827367
1.511534969590133
1.511531554349755
1.5115281391062354
1.511524723859573
1.5115213086097665
1.511517893356823
1.5115144781007437
1.5115110628415265
1.511507647579177
1.5115042323136896
1.5115008170450668
1.511497401773308
1.5114939864984216
1.5114905712204034
1.5114871559392589
1.5114837406549828
1.5114803253675742
1.5114769100770409
1.5114734947833874
1.5114700794866114
1.511466664186711
1.5114632488836888
1.511459833577543
1.511456418268281
1.511453002955901
1.5114495876403988
1.5114461723217787
1.5114427570000473
1.5114393416752037
1.5114359263472419
1.5114325110161675
1.5114290956819825
1.511425680344688
1.5114222650042854
1.5114188496607752
1.5114154343141577
1.5114120189644369
1.5114086036116106
1.5114051882556818
1.5114017728966491
1.5113983575345147
1.5113949421692785
1.5113915268009397
1.511388111429509
1.5113846960549833
1.5113812806773599
1.511377865296642
1.511374449912831
1.5113710345259275
1.5113676191359287
1.511364203742839
1.511360788346665
1.5113573729473966
1.51135395754505
1.5113505421396154
1.511347126731092
1.511343711319484
1.5113402959047961
1.5113368804870262
1.5113334650661705
1.5113300496422355
1.5113266342152245
1.511323218785135
1.511319803351975
1.511316387915735
1.5113129724764218
1.5113095570340347
1.5113061415885793
1.5113027261400525
1.511299310688454
1.5112958952337852
1.5112924797760492
1.5112890643152477
1.5112856488513857
1.5112822333844584
1.5112788179144654
1.5112754024414055
1.5112719869652955
1.511268571486123
1.5112651560038886
1.5112617405185969
1.5112583250302467
1.511254909538841
1.511251494044384
1.511248078546876
1.5112446630463132
1.511241247542697
1.5112378320360385
1.5112344165263263
1.5112310010135632
1.5112275854977506
1.511224169978893
1.5112207544569936
1.5112173389320533
1.5112139234040707
1.511210507873047
1.5112070923389818
1.5112036768018795
1.511200261261735
1.5111968457185574
1.5111934301723404
1.5111900146230866
1.5111865990707998
1.5111831835154865
1.511179767957136
1.5111763523957558
1.5111729368313491
1.5111695212639114
1.5111661056934491
1.5111626901199575
1.511159274543442
1.5111558589639003
1.5111524433813368
1.511149027795754
1.5111456122071485
1.5111421966155267
1.511138781020884
1.511135365423226
1.5111319498225506
1.5111285342188625
1.5111251186121564
1.5111217030024338
1.5111182873897038
1.51111487177396
1.5111114561552095
1.5111080405334536
1.5111046249086861
1.511101209280913
1.5110977936501375
1.5110943780163562
1.5110909623795703
1.5110875467397753
1.5110841310969843
1.5110807154511923
1.5110772998023991
1.5110738841506104
1.5110704684958272
1.5110670528380508
1.5110636371772803
1.5110602215135145
1.5110568058467542
1.5110533901770038
1.5110499745042647
1.5110465588285342
1.5110431431498135
1.5110397274681113
1.5110363117834245
1.5110328960957535
1.5110294804050963
1.511026064711452
1.5110226490148284
1.5110192333152244
1.5110158176126456
1.5110124019070872
1.5110089861985514
1.5110055704870378
1.5110021547725485
1.5109987390550876
1.5109953233346554
1.5109919076112515
1.5109884918848764
1.5109850761555281
1.510981660423212
1.5109782446879303
1.5109748289496858
1.5109714132084702
1.5109679974642956
1.5109645817171622
1.5109611659670639
1.5109577502140046
1.5109543344579812
1.510950918698999
1.5109475029370631
1.5109440871721724
1.5109406714043279
1.5109372556335259
1.5109338398597698
1.5109304240830668
1.51092700830341
1.510923592520804
1.5109201767352458
1.5109167609467424
1.510913345155292
1.5109099293608974
1.5109065135635547
1.510903097763268
1.5108996819600407
1.5108962661538747
1.5108928503447705
1.5108894345327273
1.5108860187177464
1.5108826028998226
1.5108791870789646
1.5108757712551761
1.5108723554284524
1.5108689395987946
1.5108655237662054
1.5108621079306865
1.510858692092244
1.5108552762508682
1.5108518604065675
1.5108484445593386
1.5108450287091852
1.5108416128561108
1.5108381970001146
1.5108347811411937
1.5108313652793532
1.510827949414592
1.5108245335469124
1.5108211176763127
1.5108177018028028
1.5108142859263776
1.5108108700470393
1.5108074541647898
