3.221400743928133e-06
9.781639110005144e-06
1.7645405657295127e-05
1.80412919441899e-05
2.0365621752376627e-05
2.4945436884464186e-05
3.2762732280673954e-05
4.0679521582993235e-05
4.378194284923943e-05
5.099032546285407e-05
5.540380886307544e-05
5.8322688400651636e-05
6.347120297558328e-05
6.34744002865028e-05
6.36192322948457e-05
6.37642807029315e-05
6.390932906752239e-05
6.405437737844843e-05
6.419942565420112e-05
6.434447389557174e-05
6.448952210245087e-05
6.463457027489146e-05
6.47796184128494e-05
6.492466651637366e-05
6.50697145854201e-05
6.521476261992176e-05
6.535981062005632e-05
6.550485858564017e-05
6.564990651679549e-05
6.5794954413375e-05
6.594000227549996e-05
6.608505010315951e-05
6.623009789631235e-05
6.637514565494739e-05
6.652019337912193e-05
6.666524106874481e-05
6.681028872385802e-05
6.695533634441393e-05
6.71003839305311e-05
6.724543148201473e-05
0.00010968523326391875
0.0001620012249854266
0.00019819138633978486
0.0002993419264280886
0.0003822569601338015
0.00043319516197137163
0.0005146773067725286
0.0005848954589442562
0.000659806817471611
0.0007482465959187914
0.0007695247159355506
0.000836597395546373
0.0008952562710748729
0.0009466084295162028
0.0010000110746034823
0.0010492950934510232
0.0011067292525563195
0.001166297174318388
0.0012263740597097468
0.0012477973383838176
0.001293796283862494
0.0013366603875957933
0.001400887346770457
0.0014491348560941508
0.0015009545722355921
0.001544486487786395
0.0016008573238803572
0.001639695977611252
0.0016904029900234512
0.001731118486934938
0.0017848102200517931
0.001823397966334078
0.0018724762211951955
0.001912935772758417
0.00196727184315318
0.001978443120264588
0.0020159449882177867
0.0020419290462363265
0.0020732582764407628
0.0021136211538471976
0.0021691650642482337
0.002215723936946184
0.0022722230331937224
0.0023009726283392162
0.0023462611075346133
0.002383449018258094
0.00241583536587937
0.0024547233846764663
0.0024862618706651346
0.0025235869789638605
0.0025403401568775065
0.002587636741622323
0.002627669850047974
0.0026622645710582394
0.002696010515731909
0.0027303898939159267
0.0027606129329021956
0.0027989644971400046
0.00283205384431076
0.0028627978322180894
0.0028669070418283794
0.0029290485043268985
0.002893431973120527
0.0029130071695643704
0.002901471606059286
0.0028849033872719843
0.0028600130414531033
0.002843161836608682
0.0028539961346718515
0.002846485476994858
0.0028274091222736473
0.002817395645002496
0.002823170404871878
0.002824123975291009
0.0028400860484056726
0.002843426175045249
0.0028563324587359508
0.002887139252485256
0.0028394788542194403
0.002835943965224929
0.0028354066943504144
0.0028482275681457284
0.0028498054590926068
0.002860670633074389
0.002870716128771976
0.0028812416660569176
0.002878940169371291
0.002883082891195631
0.0028905703177835463
0.0028901031361534477
0.002893820339381615
0.0028959260222621084
0.0029086322829521677
0.0029259533551689817
0.002937559153458308
0.0029381356331200127
0.002939831344113771
0.002908727886088317
0.002914061271595436
0.0029165201810031683
0.0029273220016629684
0.0029378836165506426
0.0029467420504378883
0.0029486456070534585
0.0029527812745175075
0.0029563238308182894
0.0029599195630390642
0.0029603911962580096
0.002963255360048479
0.002965190014854089
0.002967769615630924
0.002969956853113093
0.0029841654884352692
0.0029868144068148166
0.002985425447509103
0.0030022654576573734
0.0029816318834383314
0.002977676538478186
0.0029718648320141844
0.002975635423583226
0.0029874216796958045
0.0035361477983856765
0.004729299462293054
0.005985810233953139
0.0014318750078711469
0.004208182444211861
0.005363473426669947
0.006300894447361953
0.007921264815859216
0.009320285342805615
0.010466711420135914
0.011710132798996747
0.013266352743350288
0.01450995011342679
0.016050583399967545
0.017509374652723102
0.018768477895573777
0.02023963962725652
0.02176669767761199
0.023258751682174134
0.024760847588747893
0.02603766324275359
0.027390724620360008
0.028837037871429036
0.030207520494678338
0.03155419466375958
0.032964191826423864
0.034485431380057725
0.035811372049509384
0.037198377349094675
0.03890308667719781
0.040067660575081536
0.04161305725716122
0.042935651569779874
0.044209046558827805
0.04579502480335689
0.047039313337164226
0.048334990567995645
0.04946867624356099
0.050600908976878134
0.051722674128875795
0.05294962395263406
0.054181460981096274
0.055192832780214425
0.05625989208346458
0.05742144032819476
0.058517333200120904
0.05954724852769898
0.06067876124915192
0.061732883177888595
0.0628154084433267
0.0638769089044645
0.06488595465648692
0.06584613988699621
0.06691395190872765
0.0679555184380799
0.06883021782321044
0.0696851261735074
0.07065004922132032
0.0716417894112638
0.07256744399400171
0.07255793932767055
0.07397281274832693
0.07593533212673138
0.07798982026159183
0.07974189083571863
0.08094640475371581
0.0820115259944166
0.08265978889829752
0.08333724232996607
0.08399793471946729
0.08468801453585573
0.0854330296260394
0.08618886730007459
0.08690709559658447
0.08755176483167439
0.08849870783890723
0.08916970070583229
0.0898608115827513
0.09057918160068033
0.09130986893326926
0.0920848938206313
0.0928358601590872
0.09351445613329572
0.09422660135969213
0.09492343136518035
0.09565065050574614
0.0962245239193225
0.0969535052688742
0.0976065393881356
0.09827566345831747
0.09897091170837007
0.09965160028674558
0.10031724297566338
0.10090810524190946
0.10153533507936409
0.10219799544438253
0.10283715038742859
0.10336424663431278
0.10393988463636596
0.10454419120246451
0.10509230707968858
0.10566558353164662
0.10626987917837989
0.10681975691202071
0.1073903217792719
0.10784871324675303
0.10839146255556185
0.10893626913240811
0.10940040230433512
0.10986748452795758
0.11033353153627405
0.11077422363571114
0.1112807725294813
0.11177663486548625
0.11222786453986097
0.11266454140533183
0.11312357212701918
0.11357594287855646
0.11401970527569896
0.11446022416060299
0.11554040996801963
0.1162638914656928
0.1167439795719678
0.11699951528486459
0.11736130144219432
0.11752511129471334
0.1175439951267888
0.11744967648032484
0.11751900510085565
0.1175081845148167
0.11745197818136088
0.11739664360205229
0.1173622651533374
0.11734992294912328
0.11733766033858581
0.11732128006670835
0.11732110108464676
0.11732811290508564
0.11732917074292834
0.11737616279410129
0.11739165931888239
0.11737483388926162
0.11737724561170472
0.11736136795385685
0.11735948265595893
0.11733459892039631
0.11731919199936082
0.11733165360638356
0.11731706612691037
0.11732424402708193
0.11731178349675679
0.11730316971402685
0.11729065938854953
0.11728042274998592
0.11726245990354349
0.11724969197227052
0.11724127532360874
0.11722964492995905
0.11721956191404304
0.11721432923542023
0.11720912850658823
0.11720078483800074
0.11719417171619378
0.11718985723581529
0.11721757036643597
0.1172374299003262
0.11722808354180381
0.1172211110533804
0.11721016953069782
0.11722869408572238
0.1172379017675411
0.11723003928535955
0.11721810196964436
0.11721449987367126
0.11720467945934641
0.11718249198293838
0.11717469952682932
0.11718153262424527
0.11718566693934533
0.11719929391891239
0.11719492776648212
0.11718674254567127
0.11694005517749705
0.11468033635262627
0.11240612647949219
0.10857258458523115
0.10675193740552276
0.10546450064448126
0.1035932550484439
0.10147146822394369
0.09951208059392518
0.09742290892390897
0.09522412166092038
0.09302882229986247
0.0907936202730199
0.08832208287581786
0.086425431517136
0.08442105863834387
0.08186251680919958
0.07991295626746156
0.07739437617104727
0.0757296079080476
0.0733293961791074
0.07091283247542024
0.0691262979609067
0.06735393675745176
0.06516477616161884
0.06311487155045895
0.06107111304220693
0.05900976515626201
0.056942001252123974
0.05484856219008363
0.05293068627983963
0.051424377365230894
0.04935782940426498
0.047286769432667894
0.045301832508449116
0.04390011906103288
0.0420612576555501
0.04044921045379555
0.03861703816887678
0.03694001404823651
0.03523495189858372
0.033577265003509695
0.03194344122859895
0.030410462245208655
0.02866627850344669
0.027221660729467908
0.025302353208733676
0.024102335977216595
0.022300525866810215
0.02104819314898247
0.01944595529730401
0.018081417062074202
0.0167362188035675
0.015302226987375149
0.01387816953772803
0.012577350682884871
0.011406764282710572
0.010248675999891562
0.009095740666712196
0.007973275484622684
0.006054423820486411
0.0031419432990144906
-2.0343473069839952e-05
-0.002769028560276796
-0.005864809599690442
-0.008330020735815447
-0.010621236160057546
-0.0129500404742508
-0.014975494141932225
-0.01714058219633964
-0.019694637353667915
-0.021883138592441096
-0.023851796944848624
-0.026379632451328686
-0.02862278622717278
-0.030522674106620108
-0.033015876089208494
-0.03531096905185339
-0.037415768714975095
-0.03952268798541777
-0.04213071405565871
-0.04499865614604909
-0.046729021081846914
-0.04864426074916493
-0.050591294681191924
-0.05278856159540558
-0.055356347194165566
-0.05761015714146487
-0.059289635985938324
-0.0610008545551751
-0.06297898295137704
-0.06544559096635061
-0.067729478998697
-0.06947951209040736
-0.07111691614483377
-0.07285437905727979
-0.07462868723865401
-0.07683441508967888
-0.07895270089135309
-0.08085607968331356
-0.08236395238090727
-0.08407826823111825
-0.08580530493687634
-0.0874622104714512
-0.08916139358765066
-0.09083981595079933
-0.09248927809880014
-0.09411206106734632
-0.09574065633412879
-0.09732270217567361
-0.09888395305466598
-0.10042449753040875
-0.10204397188090084
-0.1033884424287357
-0.10461924777237364
-0.10591372539454423
-0.10745987123661768
-0.10872238925795785
-0.11017138342013492
-0.11138670093014598
-0.11276964115030799
-0.11091013586420988
-0.11184744563516642
-0.11421926249945223
-0.11702316578754461
-0.11520835388154098
-0.11167353883546659
-0.10821881645103895
-0.10733354434294841
-0.10711853173895164
-0.10700975686012584
-0.10688662485801863
-0.1068752239719635
-0.10706202327913804
-0.10705976201615619
-0.10727118591369479
-0.10746309323365326
-0.1076603592196997
-0.10781071717104662
-0.10798073404706753
-0.10819147192010473
-0.10839800626527007
-0.10857285751794943
-0.10875598100863476
-0.10893185887372457
-0.10912579424778071
-0.1092696088820184
-0.10945281536574353
-0.10964219676431179
-0.10982849947160132
-0.11001458958165711
-0.1101811603891693
-0.11055482929556953
-0.11076201060993143
-0.11089066200680761
-0.11106319504605616
-0.11121580498169695
-0.11137364940305552
-0.11154253811941317
-0.11173791985811393
-0.11188401327918672
-0.11204937621528878
-0.11221616248902426
-0.1123772403353843
-0.11255644375912789
-0.11269950981138015
-0.11286108715923945
-0.11299729330315192
-0.11314348462102511
-0.11329259385639255
-0.11344192838544709
-0.11357649732896954
-0.11373257610542896
-0.11387603538269975
-0.11404859608060432
-0.11417939720034263
-0.11433037166642364
-0.11448406743364546
-0.11462934482175526
-0.11476643389543718
-0.1147634412535795
-0.11622512962357445
-0.11250590627579922
-0.10921310151910044
-0.10860812434256448
-0.1106870719159937
-0.10725210146756191
-0.10503590752674949
-0.10515145358802311
-0.10438734161240126
-0.10435241470283219
-0.10430589636111157
-0.10409702467103148
-0.10386032730880175
-0.10373995425956531
-0.1034847469546256
-0.1028224150866559
-0.10215118627047191
-0.1015037245221911
-0.10049432199557352
-0.09980175658887658
-0.09895635218680915
-0.09808001064135917
-0.0972676816603571
-0.09659913441616451
-0.09589343359984849
-0.09501418692794285
-0.09410013415050483
-0.09337551193514809
-0.09276128606528804
-0.09207501800809736
-0.09120300301015204
-0.09019294234008113
-0.08963507328523576
-0.08898017630719204
-0.0883002548466511
-0.0875311695899768
-0.08665938711316006
-0.08582815688004614
-0.08515030548487947
-0.08453923743197109
-0.08390100978081667
-0.08321810432591226
-0.08252974999997172
-0.08183723417268537
-0.08113800630586035
-0.08036188500133759
-0.07958638764374361
-0.07893658408839993
-0.07831540960665945
-0.07773576122874014
-0.07715912066941738
-0.07649141459814472
-0.0757886028021948
-0.07512074808160127
-0.07449138518739803
-0.07387427009975689
-0.073226784719172
-0.07258430633363057
-0.07195534446836847
-0.07128861734188102
-0.07080468211543342
-0.07023639092183852
-0.0695384691459566
-0.06669488899859495
-0.06463693057397611
-0.06151869836477561
-0.05892251251900802
-0.05646422493751607
-0.05395916424321138
-0.05153893156041117
-0.04949486343742539
-0.04716361242261679
-0.04495259601740683
-0.04281773217090081
-0.04067608886148841
-0.03837280197125632
-0.036326087326862
-0.034028735152981125
-0.032253560201189864
-0.030004483817765458
-0.02791834025780499
-0.025545218806168064
-0.023575901877419102
-0.021515450428108176
-0.019438063841370357
-0.016969223640361637
-0.015326831392603844
-0.013009852747486521
-0.01127526395677374
-0.00894340472905482
-0.007371044766687978
-0.005236425290254412
-0.003057269867406967
-0.0011048396873799427
0.0006475146599140402
0.0023675681144527767
0.004075984048172636
0.006123080687027593
0.007691132304063809
0.009846933249044676
0.011536509222757495
0.013365600079806013
0.015006785345367939
0.01661542988016084
0.01845023236638089
0.01976215027044129
0.02163227398074261
0.023070046735106094
0.02478873033348141
0.026584689398407264
0.027903223868982422
0.029521508698292082
0.031076320542122383
0.032390684509198686
0.033979039689653115
0.03526308215413887
0.03658981866862439
0.03788839870232176
0.039210671806645676
0.040422094358347135
0.04167414661200817
0.042984094349306334
0.04407843285281915
0.04511573985556481
0.04512922364540639
0.04511778367984383
0.04510932334950143
0.0451089195371193
0.04510890971614577
0.045108899994095356
0.045108890272733
0.04510888055176686
0.0451088708311964
0.0451088611110216
0.04510885139124249
0.045108841671859065
0.0451088319528713
0.04510882223427925
0.045108812516082855
0.04510880279828215
0.0451087930808772
0.04510878336386794
0.04510877364725439
0.045108763931036584
0.04510875421521448
0.045108744499788106
0.04510873478475744
0.04510872507012253
0.045108715355883365
0.04510870564203996
0.04510869592859232
0.045108686215540414
0.04510867650288427
0.045108666790623864
0.045108657078759225
0.0451086473672904
0.04510863765621731
0.04510862794553997
0.04510861823525849
0.045108608525372774
0.04510859881588287
0.045108589106788756
0.04510857939809049
0.04510856968978797
0.045108559981881326
0.04510855027437045
0.045108540567255405
0.04510853086053618
0.045108521154212794
0.04510851144828521
0.04510850174275353
0.04510849203761769
0.04510848233287765
0.04510847262853349
0.04510846292458517
0.045108453221032754
0.045108443517876164
0.04510843381511547
0.045108414410781714
0.04510840470920865
0.0451083950080315
0.04510838530725022
0.04510837560686484
0.04510836590687536
0.04510835620728178
0.04510834650808411
0.04510833680928238
0.04510832711087655
0.04510831741286661
0.04510830771525267
0.04510829801803467
0.04510828832121257
0.04510827862478647
0.045108268928756294
0.04510825923312206
0.0451082495378838
0.04510823984304148
0.045108230148595135
0.04510822045454481
0.04510821076089042
0.04510820106763204
0.04510819137476958
0.0451081816823031
0.04510817199023265
0.045108162298558206
0.045108152607279746
0.045108142916397316
0.04510813322591091
0.04510812353582046
0.04510811384612607
0.04510810415682772
0.04510809446792538
0.045108084779419036
0.045108075091308764
0.045108065403594605
0.04510805571627645
0.04510804602935434
0.045108036342828305
0.04510802665669828
0.04510801697096436
0.04510800728562651
0.045107997600684756
0.045107987916139056
0.045107978231989414
0.045107968548235886
0.04510795886487845
0.045107949181917115
0.045107939499351865
0.04510792981718273
0.04510792013540974
0.045107910454032826
0.04510790077305206
0.04510789109246741
0.04510788141227891
0.04510787173248649
0.04510786205309024
0.045107852374090075
0.045107842695486094
0.04510783301727829
0.0451078233394666
0.045107813662051084
0.045107803985031746
0.045107794308408514
0.0451077846321815
0.045107774956350676
0.04510776528091604
0.04510775560587756
0.045107745931235295
0.04510773625698925
0.0451077265831394
0.04510771690968576
0.04510770723662832
0.04510769756396704
0.04510768789170201
0.04510767821983323
0.045107668548360645
0.045107658877284254
0.04510764920660416
0.04510763953632031
0.04510762986643271
0.045107620196941346
0.045107610527846204
0.04510760085914733
0.045107591190844766
0.04510758152293846
0.04510757185542837
0.045107562188314645
0.045107552521597157
0.04510754285527594
0.04510753318935106
0.04510752352382243
0.04510751385869014
0.04510750419395412
0.04510749452961438
0.04510748486567099
0.045107475202123895
0.045107465538973185
0.04510745587621872
0.04510744621386062
0.04510743655189885
0.04510742689033344
0.04510741722916438
0.04510740756839159
0.04510739790801521
0.0451073882480352
0.04510737858845153
0.04510736892926429
0.045107359270473366
0.04510734961207883
0.04510733995408065
0.04510733029647889
0.04510732063927349
0.0451073109824645
0.045107301326051875
0.04510729167003566
0.04510728201441584
0.04510727235919244
0.045107262704365485
0.04510725304993494
0.045107243395900776
0.04510723374226308
0.04510722408902183
0.04510721443617698
0.0451072047837286
0.04510719513167666
0.04510718548002117
0.04510717582876212
0.04510716617789953
0.045107156527433405
0.04510714687736375
0.04510713722769059
0.04510712757841389
0.04510711792953366
0.04510710828104994
0.04510709863296278
0.04510708898527202
0.04510707933797776
0.04510706969107997
0.04510706004457874
0.04510705039847402
0.04510704075276583
0.04510703110745408
0.045107021462538914
0.04510701181802034
0.04510700217389823
0.04510699253017274
0.04510698288684374
0.045106973243911316
0.04510696360137543
0.04510695395923608
0.04510694431749331
0.04510693467614705
0.0451069250351974
0.045106915394644315
0.045106905754487815
0.04510689611472793
0.04510688647536461
0.04510687683639787
0.045106867197827756
0.04510685755965421
0.0451068479218773
0.045106838284496985
0.04510682864751331
0.045106819010926245
0.04510680937473581
0.04510679973894202
0.045106790103544805
0.045106780468544244
0.0451067708339403
0.04510676119973305
0.04510675156592242
0.04510674193250849
0.04510673229949119
0.04510672266687054
0.045106713034646605
0.04510670340281929
0.04510669377138869
0.04510668414035474
0.04510667450971748
0.04510666487947686
0.04510665524963302
0.045106645620185834
0.04510663599113538
0.04510662636248161
0.045106616734224614
0.045106607106364334
0.04510659747890073
0.045106587851833864
0.04510657822516373
0.04510656859889028
0.04510655897301362
0.04510654934753367
0.045106539722450475
0.04510653009776405
0.045106520473474375
0.04510651084958147
0.045106501226085345
0.04510649160298595
0.04510648198028333
0.04510647235797751
0.04510646273606849
0.04510645311455623
0.045106443493440784
0.04510643387272213
0.045106424252400294
0.04510641463247524
0.04510640501294699
0.045106395393815585
0.045106385775081005
0.04510637615674319
0.045106366538802234
0.045106356921258105
0.0451063473041108
0.045106337687360346
0.045106328071006736
0.045106318455049955
0.04510630883949005
0.045106299224326976
0.04510628960956082
0.045106279995191526
0.04510627038121913
0.045106260767643534
0.04510625115446484
0.045106241541683086
0.04510623192929812
0.04510622231731012
0.04510621270571901
0.045106203094524795
0.04510619348372751
0.04510618387332709
0.04510617426332361
0.04510616465371703
0.04510615504450741
0.04510614543569469
0.04510613582727889
0.045106126219260044
0.04510611661163815
0.04510610700441321
0.04510609739758519
0.04510608779115411
0.04510607818512006
0.04510606857948296
0.04510605897424279
0.045106049369399596
0.04510603976495335
0.04510603016090411
0.04510602055725187
0.04510601095399662
0.04510600135113839
0.04510599174867711
0.045105982146612884
0.045105972544945645
0.04510596294367543
0.04510595334280223
0.04510594374232603
0.04510593414224681
0.04510592454256472
0.04510591494327964
0.04510590534439156
0.045105895745900515
0.04510588614780655
0.0451058765501096
0.04510586695280975
0.04510585735590693
0.0451058477594012
0.045105838163292535
0.045105828567580886
0.045105818972266364
0.045105809377348934
0.04510579978282863
0.04510579018870537
0.045105780594979224
0.04510577100165013
0.04510576140871816
0.04510575181618328
0.045105742224045536
0.045105732632304885
0.045105723040961374
0.045105713450014975
0.045105703859465704
0.045105694269313594
0.04510568467955862
0.045105675090200754
0.04510566550124004
0.045105655912676484
0.04510564632451018
0.045105636736740985
0.04510562714936896
0.045105617562394035
0.04510560797581632
0.04510559838963578
0.045105588803852514
0.045105579218466335
0.04510556963347735
0.04510556004888564
0.04510555046469106
0.04510554088089365
0.045105531297493506
0.045105521714490525
0.04510551213188483
0.04510550254967634
0.04510549296786508
0.045105483386451
0.04510547380543419
0.04510546422481464
0.045105454644592306
0.045105445064767255
0.045105435485339435
0.04510542590630885
0.04510541632767556
0.045105406749439525
0.04510539717160076
0.045105387594159274
0.04510537801711503
0.0451053684404681
0.04510535886421841
0.04510534928836609
0.045105339712911044
0.04510533013785328
0.04510532056319286
0.045105310988929725
0.04510530141506389
0.045105291841595375
0.04510528226852417
0.04510527269585028
0.04510526312357378
0.045105253551694556
0.04510524398021272
0.0451052344091282
0.04510522483844104
0.04510521526815124
0.045105205698258814
0.0451051961287637
0.045105186559666
0.04510517699096561
0.04510516742266266
0.045105157854757015
0.0451051482872488
0.04510513872013798
0.04510512915342456
0.04510511958710852
0.045105110021189845
0.04510510045566858
0.04510509089054475
0.04510508132581833
0.045105071761489327
0.04510506219755774
0.04510505263402362
0.045105043070886884
0.04510503350814759
0.04510502394580574
0.0451050143838613
0.04510500482231431
0.04510499526116477
0.04510498570041276
0.045104976140058185
0.0451049665801011
0.045104957020541424
0.04510494746137927
0.045104937902614585
0.045104928344247355
0.04510491878627764
0.0451049092287054
0.045104899671530675
0.04510489011475345
0.04510488055837373
0.04510487100239151
0.045104861446806824
0.04510485189161964
0.04510484233682998
0.045104832782437876
0.04510482322844323
0.04510481367484617
0.045104804121646656
0.04510479456884465
0.045104785016440184
0.0451047754644333
0.04510476591282399
0.045104756361612236
0.04510474681079807
0.04510473726038143
0.04510472771036235
0.045104718160740874
0.045104708611517004
0.04510469906269064
0.0451046895142619
0.04510467996623073
0.04510467041859718
0.04510466087136126
0.04510465132452292
0.04510464177808223
0.04510463223203915
0.04510462268639371
0.04510461314114586
0.04510460359629561
0.04510459405184306
0.045104584507788106
0.04510457496413078
0.04510456542087113
0.04510455587800914
0.04510454633554477
0.04510453679347808
0.045104527251809086
0.04510451771053776
0.04510450816966405
0.045104498629188146
0.04510448908910978
0.04510447954942916
0.0451044700101462
0.04510446047126098
0.045104450932773404
0.04510444139468356
0.045104431856991443
0.04510442231969697
0.045104412782800286
0.04510440324630131
0.04510439371020007
0.04510438417449657
0.045104374639190786
0.0451043651042827
0.045104355569772395
0.04510434603565983
0.04510433650194501
0.045104326968627956
0.04510431743570866
0.045104307903187126
0.04510429837106336
0.045104288839337384
0.04510427930800917
0.04510426977707872
0.045104260246546034
0.04510425071641117
0.04510424118667409
0.045104231657334785
0.04510422212839328
0.04510421259984964
0.045104203071703805
0.04510419354395578
0.04510418401660558
0.04510417448965319
0.045104164963098645
0.04510415543694193
0.04510414591118299
0.04510413638582193
0.04510412686085874
0.04510411733629337
0.04510410781212587
0.045104098288356244
0.045104088764984486
0.04510407924201056
0.045104069719434474
0.045104060197256296
0.04510405067547604
0.04510404115409363
0.04510403163310911
0.045104022112522485
0.04510401259233374
0.045104003072542906
0.04510399355315001
0.04510398403415498
0.04510397451555791
0.045103964997358706
0.045103955479557443
0.04510394596215413
0.045103936445148735
0.045103926928541295
0.04510391741233178
0.04510390789652019
0.045103898381106546
0.04510388886609085
0.045103879351473156
0.0451038698372534
0.04510386032343163
0.04510385081000781
0.045103841296981965
0.045103831784354086
0.04510382227212419
0.045103812760292294
0.0451038032488584
0.04510379373782249
0.04510378422718451
0.045103774716944614
0.04510376520710273
0.0451037556976588
0.045103746188612945
0.045103736679965055
0.045103727171715256
0.04510371766386343
0.04510370815640966
0.0451036986493539
0.045103689142696225
0.04510367963643654
0.045103670130574966
0.04510366062511142
0.04510365112004594
0.04510364161537851
0.04510363211110913
0.045103622607237874
0.04510361310376468
0.045103603600689574
0.04510359409801254
0.04510358459573355
0.04510357509385267
0.04510356559236995
