-0.012010129962710666
-0.012010129962710666
-0.012001714801666598
-0.012001714801666598
-0.012010129962710666
-0.012010129962710666
-0.012001714801666598
-0.011645596855117872
-0.011645596855117872
-0.012010129962710666
-0.011632287998611353
-0.012010129962710666
-0.011645596855117872
-0.011645596855117872
-0.011645596855117872
-0.012010129962710666
-0.012010129962710666
-0.012010129962710666
-0.012010129962710666
-0.012010129962710666
-0.012010129962710666
-0.012010129962710666
-0.012010129962710666
-0.012010129962710666
-0.012010129962710666
-0.012010129962710666
-0.012010129962710666
-0.012010129962710666
-0.012010129962710666
-0.012010129962710666
-0.012010129962710666
-0.012010129962710666
-0.012010129962710666
-0.012010129962710666
-0.012010129962710666
-0.012010129962710666
-0.012010129962710666
-0.012010129962710666
-0.012010129962710666
-0.012010129962710666
-0.012010129962710666
-0.011645596855117872
-0.012010129962710666
-0.012010129962710666
-0.012010129962710666
-0.011632287998611353
-0.011645596855117872
-0.011645596855117872
-0.011645596855117872
-0.012010129962710666
-0.011645596855117872
-0.011645596855117872
-0.011645596855117872
-0.011632287998611353
-0.011632287998611353
-0.011632287998611353
-0.011645596855117872
-0.011645596855117872
-0.011645596855117872
-0.011645596855117872
-0.011645596855117872
-0.011645596855117872
-0.011645596855117872
-0.011645596855117872
-0.011632287998611353
-0.011645596855117872
-0.011645596855117872
-0.011645596855117872
-0.012001714801666598
-0.011645596855117872
-0.011645596855117872
-0.012001714801666598
-0.011645596855117872
-0.012010129962710666
-0.012010129962710666
-0.012010129962710666
-0.012010129962710666
-0.012010129962710666
-0.012010129962710666
-0.011645596855117872
-0.012010129962710666
-0.012010129962710666
-0.012010129962710666
-0.012010129962710666
-0.011645596855117872
-0.012010129962710666
-0.012010129962710666
-0.012010129962710666
-0.012010129962710666
-0.012010129962710666
-0.012010129962710666
-0.012010129962710666
-0.012010129962710666
-0.012010129962710666
-0.012010129962710666
-0.012010129962710666
-0.012001714801666598
-0.011645596855117872
-0.012010129962710666
-0.011645596855117872
-0.012010129962710666
-0.012010129962710666
-0.012010129962710666
-0.012010129962710666
-0.012010129962710666
-0.012010129962710666
-0.012010129962710666
-0.012001714801666598
-0.012010129962710666
-0.012010129962710666
-0.011645596855117872
-0.012010129962710666
-0.012010129962710666
-0.012010129962710666
-0.012010129962710666
-0.012001714801666598
-0.012010129962710666
-0.012010129962710666
-0.012010129962710666
-0.011645596855117872
-0.012010129962710666
-0.012010129962710666
-0.012001714801666598
-0.011645596855117872
-0.012010129962710666
-0.012010129962710666
-0.012010129962710666
-0.012010129962710666
-0.012010129962710666
-0.012010129962710666
-0.012010129962710666
-0.011645596855117872
-0.012010129962710666
-0.011645596855117872
-0.012010129962710666
-0.012010129962710666
-0.012010129962710666
-0.011645596855117872
-0.011645596855117872
-0.012010129962710666
-0.012010129962710666
-0.012010129962710666
-0.012010129962710666
-0.012001714801666598
-0.012010129962710666
-0.012010129962710666
-0.012010129962710666
-0.012010129962710666
-0.012010129962710666
-0.012010129962710666
-0.012010129962710666
-0.012010129962710666
-0.011645596855117872
-0.011645596855117872
-0.012010129962710666
-0.012010129962710666
-0.012010129962710666
-0.012010129962710666
-0.012010129962710666
-0.011645596855117872
-0.011645596855117872
-0.012010129962710666
-0.011645596855117872
-0.012010129962710666
-0.012010129962710666
-0.012010129962710666
-0.012010129962710666
-0.011645596855117872
-0.012010129962710666
-0.012010129962710666
-0.012010129962710666
-0.011645596855117872
-0.012010129962710666
-0.012010129962710666
-0.011645596855117872
-0.011645596855117872
-0.011645596855117872
-0.012010129962710666
-0.012010129962710666
-0.012010129962710666
-0.011645596855117872
-0.011645596855117872
-0.012010129962710666
-0.012010129962710666
-0.011645596855117872
-0.012010129962710666
-0.012010129962710666
-0.012010129962710666
-0.012010129962710666
-0.012010129962710666
-0.011645596855117872
-0.012010129962710666
-0.011645596855117872
-0.012010129962710666
-0.011645596855117872
-0.011645596855117872
-0.011645596855117872
-0.012010129962710666
-0.012010129962710666
-0.011645596855117872
-0.012010129962710666
-0.012010129962710666
-0.011645596855117872
-0.012010129962710666
-0.011645596855117872
-0.012010129962710666
-0.012010129962710666
-0.011645596855117872
-0.012010129962710666
-0.012010129962710666
-0.012010129962710666
-0.012010129962710666
-0.012010129962710666
-0.012010129962710666
-0.011645596855117872
-0.011645596855117872
-0.011645596855117872
-0.012010129962710666
-0.012010129962710666
-0.012010129962710666
-0.011645596855117872
-0.012010129962710666
-0.011645596855117872
-0.012010129962710666
-0.012010129962710666
-0.011645596855117872
-0.012010129962710666
-0.011645596855117872
-0.012010129962710666
-0.011645596855117872
-0.011645596855117872
-0.012010129962710666
-0.012010129962710666
-0.012010129962710666
-0.011645596855117872
-0.012010129962710666
-0.011645596855117872
-0.011645596855117872
-0.011645596855117872
-0.011645596855117872
-0.012001714801666598
-0.011652046428044039
-0.01149759441112652
-0.011312219744973685
-0.011019885001111623
-0.011058181345960044
-0.010522883349136777
-0.010034928531337582
-0.009119627184215684
-0.008481194129506453
-0.007246087032619221
-0.006461558242829943
-0.005554490661774493
-0.005161859803942776
-0.005163133716691024
-0.00515242491012311
-0.004658334743561741
-0.005158449950018896
-0.0051246939665204215
-0.005247244339314992
-0.005067606971160816
-0.005201621189137465
-0.0054550054329183355
-0.005362509398882052
-0.005381053785628024
-0.005108119956800934
-0.003251770119314334
-0.00021267687260060304
0.0028098832157814535
0.006202103006515492
0.008786387529792258
0.010834131712046276
0.013321210846510056
0.0154466620792131
0.01594149136693046
0.015803451703652757
0.016108147152259056
0.015828817689101195
0.016111686464972467
0.0160569183343354
0.01593627132241594
0.01808649359685929
0.020702419328105775
0.023280441206640107
0.025419612394662075
0.028105755752138577
0.0295578249163741
0.03192221695941868
0.03267919138948063
0.034349123324525895
0.03554165385123964
0.03596478964952723
0.0366923027183496
0.03711360023929424
0.038151281638051183
0.0381855930756956
0.038630018737177085
0.03801972225109524
0.03913708142188487
0.03913614206497838
0.03919492682755452
0.03851389896963927
0.038975108927004135
0.038974708862292776
0.03904412932506817
0.039588262649651366
0.039167395640485436
0.039046782595016725
0.0389865838576243
0.03885854366007186
0.03886223546440516
0.03938271409557772
0.03964098498727536
0.03960115655570144
0.039644865318742846
0.039647245344520465
0.03964926267144169
0.039651924219447264
0.039654164227683454
0.0394555137227831
0.039362169741646094
0.03936815951749322
0.0399453678070202
0.04011723449450045
0.0405213439657545
0.03988902939423536
0.04052453986207082
0.04052806895306504
0.0405317201420114
0.04111731042460678
0.041103941468277734
0.04101892805187672
0.0421398972997221
0.041299648049717655
0.04194846491049078
0.041960742307278344
0.042571602666226324
0.042571602666226324
0.042571602666226324
0.042571602666226324
0.042571602666226324
0.042571602666226324
0.042571602666226324
0.042571602666226324
0.042571602666226324
0.042571602666226324
0.042571602666226324
0.042571602666226324
0.042571602666226324
0.042571602666226324
0.042571602666226324
0.042571602666226324
0.042571602666226324
0.042571602666226324
0.042571602666226324
0.042571602666226324
0.042571602666226324
0.042571602666226324
0.042571602666226324
0.042571602666226324
0.042571602666226324
0.042571602666226324
0.042571602666226324
0.042571602666226324
0.042571602666226324
0.042571602666226324
0.042571602666226324
0.042571602666226324
0.042571602666226324
0.042571602666226324
0.042571602666226324
0.042571602666226324
0.042571602666226324
0.042571602666226324
0.042571602666226324
0.042571602666226324
0.042571602666226324
0.042571602666226324
0.042571602666226324
0.042571602666226324
0.042571602666226324
0.042571602666226324
0.042571602666226324
0.042571602666226324
0.042571602666226324
0.042571602666226324
0.042571602666226324
0.042571602666226324
0.042571602666226324
0.042571602666226324
0.042571602666226324
0.042571602666226324
0.042571602666226324
0.042571602666226324
0.042571602666226324
0.042571602666226324
0.042571602666226324
0.042571602666226324
0.042571602666226324
0.042571602666226324
0.042571602666226324
0.042571602666226324
0.042571602666226324
