-0.0008776868985569765
-0.0008978062145039867
-0.0011378014436091847
-0.0012566614981726878
-0.0013367437835515026
-0.0014057878276011557
-0.0015145596680990459
-0.0016549774603325674
-0.0017282234987247781
-0.0017318110736879878
-0.0017360110652113465
-0.0017402131240853518
-0.0017439786357368685
-0.0017483911883662102
-0.0017528059121315592
-0.0017572218761199312
-0.0017616699818396963
-0.0017660814132805314
-0.0017705054785547565
-0.0017749408190781933
-0.001779349537935477
-0.001783775024844549
-0.0017882079332784276
-0.0017926269267520508
-0.0017970438844661396
-0.001801492097519538
-0.0018059048407008803
-0.001810332040569183
-0.0018147685512290845
-0.0018191817133531973
-0.0018236059027571347
-0.0018280490624455234
-0.0018324590486524174
-0.0018368878856685705
-0.001841320546364192
-0.0018457312209688502
-0.0018501552482193227
-0.0018545918164358677
-0.0018590023912113908
-0.001863425699683992
-0.0018678595564997809
-0.001872269294435214
-0.0018766913100991644
-0.0018811263719753933
-0.0018855353705966938
-0.0018899576532245912
-0.0018943929327036185
-0.0018988004379121264
-0.001903221872725429
-0.0019076555291593184
-0.0019120618343083187
-0.0019164828224523375
-0.0019209161394782188
-0.0019253215324547938
-0.0019297410196096997
-0.001934178447470296
-0.0019385927746394668
-0.001943017465289923
-0.0019474518147715393
-0.0019518633348188752
-0.001956284690440686
-0.0019607240115131455
-0.001965132365954746
-0.001969554187254892
-0.0019739918636297116
-0.001978404373833809
-0.001982830600848087
-0.0019872678463759377
-0.0019916807106232087
-0.001996104670603847
-0.0020005406446467968
-0.00200495602261989
-0.0020093827155246943
-0.0020138213544094712
-0.002018234630116845
-0.0020226560897328703
-0.0020270939404611796
-0.0020315039177638385
-0.0020359239164254336
-0.002040356381628057
-0.0020447651182330896
-0.002049188156745376
-0.002053627379129795
-0.0020580400574777952
-0.0020624648404032673
-0.002066897505473108
-0.0020713127926429253
-0.00207574097112196
-0.002080176941804151
-0.002084594432281895
-0.0020890226558316714
-0.0020934760284893705
-0.0020978773694274233
-0.002102303908204127
-0.0021067342578243334
-0.0021111498562190957
-0.0021155875048808597
-0.0021200296924719507
-0.0021244382140371875
-0.002128866002670852
-0.0021332937799125977
-0.0021377084255669123
-0.002142130754069332
-0.0021465511543891464
-0.0021509701774559404
-0.0021554009861795274
-0.0021598437994451054
-0.0021642654004158175
-0.002168678516821305
-0.002173112085183762
-0.0021775339388570496
-0.002181958802250199
-0.0021863844039365743
-0.0021908088229616192
-0.002195242777333227
-0.002199673301194957
-0.0022040777236010454
-0.002208503876789837
-0.0022129361538778198
-0.002217350688834805
-0.0022217699035888424
-0.0022261923241123998
-0.0022306250181049763
-0.002235047836723779
-0.0022393851526260346
-0.002243791472102306
-0.0022481861560396704
-0.0022525810605718054
-0.002257033068509353
-0.0022613372384219298
-0.0022657052385571734
-0.0022700772051349885
-0.00227444537626735
-0.0022902428686807376
-0.0024520094241925277
-0.00246030848228294
-0.0024647159953054467
-0.002469093475360443
-0.0024734632955631256
-0.002477854547985696
-0.002482234131834921
-0.0024866075512653078
-0.002490951428949875
-0.00249526748898098
-0.0024996646741827317
-0.0025040401819550434
-0.0025084272816274103
-0.002512793871555935
-0.0026164956225992997
-0.0027361099469608453
-0.002896165042256995
-0.0030652636566337725
-0.003210685309480884
-0.003324591221371553
-0.0034304292103322542
-0.003446128409956036
-0.0034923111204264944
-0.0036354977398370134
-0.003692730542568329
-0.0038261111615670216
-0.003982290439125782
-0.004188247470517083
-0.004306952301643282
-0.004412141720657359
-0.004499076991494587
-0.004560020196732681
-0.004672881035089405
-0.004824598056930882
-0.004886766193407284
-0.005061494825958301
-0.005200836609552818
-0.005320085387972267
-0.005501786699803592
-0.005680485467970026
-0.005839374020263871
-0.00598108280033967
-0.006036709232503396
-0.006253808544958792
-0.006295283409060661
-0.006285966304151582
-0.006290299751339536
-0.006294683715115721
-0.006298995675290738
-0.006303431078814364
-0.006307856123446724
-0.006312203684323902
-0.006316542213482685
-0.006320906906708982
-0.006350216017617363
-0.006419880568903034
-0.0065686744217108815
-0.006765034893965071
-0.006902621590261687
-0.006897167432090232
-0.006898527145883153
-0.00690289453755663
-0.006907270414212656
-0.006911624653618126
-0.00691596939772557
-0.006994958549437311
-0.007126355262219849
-0.0072872234392053715
-0.0074371355664493
-0.007566543746454732
-0.0076475440883336365
-0.007761572356994395
-0.007926458975795685
-0.008076858784819405
-0.008118024506847458
-0.00812060795052958
-0.008123195223705776
-0.008125767417751891
-0.00812836028449527
-0.008130902503808202
-0.008217026211654224
-0.008327690588564382
-0.008411444580741567
-0.008499668137270653
-0.008565815542763344
-0.00856179054907676
-0.008677214203889722
-0.00875577501134932
-0.008915463417851698
-0.009038816330694754
-0.009168284623527416
-0.009358377357647893
-0.009499616639459486
-0.0096629586478765
-0.009772468849198789
-0.009917723852511594
-0.01012960911351621
-0.010368031747129865
-0.010444242866801593
-0.01061623370487009
-0.010749546449824727
-0.010850854837002273
-0.01089670616046895
-0.010901149032664469
-0.010905498305072939
-0.010909888908975892
-0.010914200088685424
-0.010918615205933641
-0.010922939994953652
-0.010927345794949526
-0.010931721889906468
-0.010936135755663785
-0.010940497631157578
-0.010944873001220632
-0.010949232453132233
-0.011077443484277236
-0.011184314653952832
-0.011363253118257616
-0.011404045893889232
-0.011562836405370267
-0.011696043772473352
-0.011800320587091406
-0.01189831658111309
-0.011991877900896843
-0.012138351029433385
-0.012317188673170085
-0.012543570300683012
-0.012655969418332937
-0.012766674593578482
-0.012878251292129734
-0.012983497599135701
-0.013124473050547897
-0.013258278853922431
-0.013394033707809484
-0.013584807517839389
-0.013743369611298384
-0.01392666307825733
-0.014104986694765379
-0.014249683403833783
-0.014372320459518827
-0.014464351514420526
-0.0145993687935229
-0.014729263798999685
-0.014839497769701985
-0.014962324268648793
-0.015096557103820029
-0.01520084391503825
-0.015328293742954248
-0.01533388559527647
-0.015336395668298185
-0.015338920474144735
-0.015341435624123505
-0.015343943349599945
-0.015346468796216825
-0.015348984240932003
-0.015351491976981019
-0.015354016873527134
-0.015356530663911374
-0.015359036446552475
-0.015361560167532132
-0.015364075874326583
-0.015366584032397837
-0.015369107029997931
-0.015371616610933773
-0.01537412513151335
-0.015376650330615292
-0.015379168120077131
-0.01538167787871764
-0.01538420131330499
-0.015386713454942776
-0.015389224157418455
-0.015391744931297678
-0.015394262410707585
-0.015396769353830202
-0.015399293271389154
-0.015401806931016842
-0.015404319348969988
-0.01540684640359216
-0.01540936404342502
-0.01541187386391467
-0.015414396378494752
-0.015416914751583622
-0.015419427489367742
-0.015421955781940349
-0.015424473552655872
-0.015426982698245077
-0.015429503981369096
-0.01543202403522401
-0.015434534449861537
-0.015437057581788479
-0.015439571273054916
-0.01544208308255909
-0.01544460699103838
-0.015447123205449971
-0.015449635393805136
-0.015452160669332391
-0.015454673509517616
-0.015457193598920059
-0.01545972758430007
-0.015462240961588707
-0.015464754411935162
-0.015467279958053581
-0.015469791151674362
-0.01547231051780061
-0.015474845195522986
-0.015477382641486298
-0.015479888108632352
-0.01548242737014405
-0.015484930939717747
-0.01548745642536054
-0.015489988540648456
-0.01549249918229874
-0.015495030328449368
-0.01549755576170392
-0.015500064681454213
-0.015502596502472746
-0.01550511113055011
-0.015507645510216567
-0.015510158721769857
-0.01551267288155469
-0.015515218971174239
-0.015517745932025782
-0.015520246626023587
-0.015522781412038592
-0.015525317570832456
-0.015527822743165356
-0.01553037536428552
-0.015532882796884386
-0.015535395146177364
-0.015537932457895203
-0.015540470725195665
-0.015542992789074308
-0.015545539421779895
-0.015548046929562997
-0.015550601863067575
-0.015553153752543045
-0.01555581305006545
-0.015558330701582567
-0.015560864959906428
-0.015563399160469369
-0.015565989898154215
-0.01556855315859819
-0.015571074089892547
-0.015573665063820439
-0.015576152173572175
-0.015578748901362741
-0.015581273178933758
-0.015583789469454865
-0.015586349658780151
-0.015589001913115495
-0.01559150903122096
-0.01559411989488676
-0.01559668514431513
-0.014569834087522472
-0.013646277645028118
-0.012695002422521114
-0.011548631331747229
-0.01060157561171767
-0.00969928359681597
-0.00877179784693043
-0.00794573275082888
-0.007065312515107569
-0.006170884482514974
0.00917161718095873
0.09399520892469553
0.1716307185581259
0.2532914833997884
0.3315922743346048
0.39031235753040905
0.444121389656151
0.49669097554189784
0.5514005081164183
0.6035828779371577
0.656894773029886
0.7097895139810072
0.7643757510976525
0.8211386445209891
0.8781147183639495
0.9356289580311973
0.9924426170515589
0.9775771304626294
0.9462292446675682
0.9045483828073821
0.8730492087973825
0.8431660294882961
0.8007631502646516
0.771222499987498
0.729245231361324
0.6912045550697163
0.6605346838460371
0.6176831528493543
0.590886383272619
0.5479263473395564
0.5081489059256012
0.4791240518342873
0.4332286119511423
0.395574257121448
0.36500619839773313
0.3204956409813469
0.2864906600494167
0.25167616626413736
0.20827275548560176
0.17694616407918518
0.1374737258979121
0.09461253027698965
0.06415073411089792
0.023675523379311843
-0.018104434039918647
-0.050112320867684586
-0.09519570719463144
-0.13616446723492812
-0.1700847095003503
-0.2168179851665344
-0.25698581618475763
-0.2876310866573828
-0.3353135137531094
-0.3717916949748022
-0.4088511501285629
-0.4547804290684664
-0.48987752396767426
-0.5405341034884308
-0.5845372379635188
-0.6502866190500245
-0.7266862999020054
-0.8020638130447088
-0.8709582205087435
-0.9295967150353363
-0.9851758288559228
-1.038201357331781
-1.0948338467863366
-1.1527665218775478
-1.187474700117848
-1.213418439782576
-1.238465666467188
-1.2594054771180891
-1.288392613941737
-1.3108743180349087
-1.3401326164091214
-1.3667242216414996
-1.3972288391543262
-1.4220241038787997
-1.4534849813390076
-1.4851669766703868
-1.525292435669891
-1.5729271834707366
-1.623324688970993
-1.7060767084504436
-1.7471958634259015
-1.7502481762361475
-1.7504082629346647
-1.7505823993409957
-1.7507147615087486
-1.7508604928315252
-1.7509842191770935
-1.751134619183065
-1.7512954254933004
-1.751487370138793
-1.7516079088735717
-1.7517515605290275
-1.7518781459244952
-1.7520165763452502
-1.7522359237084715
-1.7523759057519326
-1.7525266038968461
-1.7526312794353556
-1.7527277918856357
-1.752797969126601
-1.7529531298563958
-1.7531045200031932
-1.7531777807248752
-1.7532896320851412
-1.7534261918735836
-1.7534964400158615
-1.7536523320506874
-1.753852610412181
-1.7539750262344178
-1.754130689574404
-1.7543083861124253
-1.754430937449277
-1.754532081945026
-1.7545567725747042
-1.7546942225532831
-1.7548132980758024
-1.7549688361952556
-1.7550726607194325
-1.7551734826852272
-1.7553263168158388
-1.7554611775560705
-1.7555623427669236
-1.7556960770954204
-1.7558173858377515
-1.7559516392136187
-1.7560684499782775
-1.7562324906879507
-1.7563488258025561
-1.7564473516605852
-1.7565871612469022
-1.7567374938397857
-1.756895690680146
-1.7570415348623143
-1.7571390801617788
-1.7572861684944612
-1.7574352444971242
-1.7575783132591862
-1.7576492705052
-1.757775098617493
-1.7579300469714298
-1.7580418419372694
-1.7581671569289892
-1.7583054941810194
-1.7584736278600797
-1.7586325452683937
-1.7588392871174054
-1.7589378056955678
-1.7591034792467717
-1.759300447921004
-1.759467918763044
-1.7596022340269537
-1.759754362772884
-1.7598942455348703
-1.759965349100981
-1.7601520085954785
-1.7603247991216824
-1.7604423946250813
-1.7606039360800634
-1.7607865885806113
-1.7609024833793314
-1.7610702358902939
-1.761182442156733
-1.7613284655943
-1.7614327713738724
-1.761476660057083
-1.7616305995124533
-1.761733192519876
-1.7618437501765338
-1.7619605189286065
-1.7621068341005741
-1.7623216466408447
-1.7624541401542215
-1.7626312514633669
-1.7627501923579736
-1.7628510595359093
-1.7629469683600147
-1.763047448996698
-1.7631718464822972
-1.7632836159482417
-1.7633629498836292
-1.7633944529643053
-1.7635197877573434
-1.7637149932534404
-1.763819741796381
-1.764001248184842
-1.764132403563807
-1.7642784647665604
-1.7644548796992754
-1.7644813004093054
-1.7645746380350296
-1.7646909995191493
-1.7648310537701548
-1.7650272687751616
-1.7651054060890599
-1.7652328799068095
-1.765375652987369
-1.7654997454383707
-1.7656892649461478
-1.7658070480272452
