1616084470
1616084470
1616084470
1616084470
1616084470
1616084470
1616084470
1616084470
1616084470
1616084470
1616084470
1616084470
1616084470
1616084470
1616084470
1616084470
1616084470
1616084470
1616084470
1616084470
1616084470
1616084470
1616084470
1616084470
1616084470
1616084471
1616084471
1616084471
1616084471
1616084471
1616084471
1616084471
1616084471
1616084471
1616084471
1616084471
1616084471
1616084471
1616084471
1616084472
1616084472
1616084472
1616084472
1616084472
1616084472
1616084472
1616084472
1616084472
1616084472
1616084472
1616084472
1616084472
1616084472
1616084472
1616084473
1616084473
1616084473
1616084473
1616084473
1616084473
1616084473
1616084473
1616084473
1616084473
1616084473
1616084473
1616084473
1616084473
1616084473
1616084474
1616084474
1616084474
1616084474
1616084474
1616084474
1616084474
1616084474
1616084474
1616084474
1616084474
1616084474
1616084474
1616084474
1616084474
1616084475
1616084475
1616084475
1616084475
1616084475
1616084475
1616084475
1616084475
1616084475
1616084475
1616084475
1616084475
1616084475
1616084475
1616084475
1616084476
1616084476
1616084476
1616084476
1616084476
1616084476
1616084476
1616084476
1616084476
1616084476
1616084476
1616084476
1616084476
1616084476
1616084477
1616084477
1616084477
1616084477
1616084477
1616084477
1616084477
1616084477
1616084477
1616084477
1616084477
1616084477
1616084477
1616084477
1616084477
1616084478
1616084478
1616084478
1616084478
1616084478
1616084478
1616084478
1616084478
1616084478
1616084478
1616084478
1616084478
1616084478
1616084478
1616084478
1616084479
1616084479
1616084479
1616084479
1616084479
1616084479
1616084479
1616084479
1616084479
1616084479
1616084479
1616084479
1616084479
1616084479
1616084479
1616084480
1616084480
1616084480
1616084480
1616084480
1616084480
1616084480
1616084480
1616084480
1616084480
1616084480
1616084480
1616084480
1616084480
1616084480
1616084481
1616084481
1616084481
1616084481
1616084481
1616084481
1616084481
1616084481
1616084481
1616084481
1616084481
1616084481
1616084481
1616084481
1616084481
1616084482
1616084482
1616084482
1616084482
1616084482
1616084482
1616084482
1616084482
1616084482
1616084482
1616084482
1616084482
1616084482
1616084482
1616084483
1616084483
1616084483
1616084483
1616084483
1616084483
1616084483
1616084483
1616084483
1616084483
1616084483
1616084483
1616084483
1616084483
1616084483
1616084484
1616084484
1616084484
1616084484
1616084484
1616084484
1616084484
1616084484
1616084484
1616084484
1616084484
1616084484
1616084484
1616084484
1616084484
1616084485
1616084485
1616084485
1616084485
1616084485
1616084485
1616084485
1616084485
1616084485
1616084485
1616084485
1616084485
1616084485
1616084485
1616084485
1616084486
1616084486
1616084486
1616084486
1616084486
1616084486
1616084486
1616084486
1616084486
1616084486
1616084486
1616084486
1616084486
1616084486
1616084486
1616084487
1616084487
1616084487
1616084487
1616084487
1616084487
1616084487
1616084487
1616084487
1616084487
1616084487
1616084487
1616084487
1616084487
1616084487
1616084488
1616084488
1616084488
1616084488
1616084488
1616084488
1616084488
1616084488
1616084488
1616084488
1616084488
1616084488
1616084488
1616084488
1616084488
1616084489
1616084489
1616084489
1616084489
1616084489
1616084489
1616084489
1616084489
1616084489
1616084489
1616084489
1616084489
1616084489
1616084489
1616084489
1616084490
1616084490
1616084490
1616084490
1616084490
1616084490
1616084490
1616084490
1616084490
1616084490
1616084490
1616084490
1616084490
1616084490
1616084490
1616084491
1616084491
1616084491
1616084491
1616084491
1616084491
1616084491
1616084491
1616084491
1616084491
1616084491
1616084491
1616084491
1616084491
1616084491
1616084492
1616084492
1616084492
1616084492
1616084492
1616084492
1616084492
1616084492
1616084492
1616084492
1616084492
1616084492
1616084492
1616084492
1616084492
1616084493
1616084493
1616084493
1616084493
1616084493
1616084493
1616084493
1616084493
1616084493
1616084493
1616084493
1616084493
1616084493
1616084493
1616084493
1616084494
1616084494
1616084494
1616084494
1616084494
1616084494
1616084494
1616084494
1616084494
1616084494
1616084494
1616084494
1616084494
1616084494
1616084494
1616084495
1616084495
1616084495
1616084495
1616084495
1616084495
1616084495
1616084495
1616084495
1616084495
1616084495
1616084495
1616084495
1616084495
1616084495
1616084496
1616084496
1616084496
1616084496
1616084496
1616084496
1616084496
1616084496
1616084496
1616084496
1616084496
1616084496
1616084496
1616084496
1616084496
1616084496
1616084497
1616084497
1616084497
1616084497
1616084497
1616084497
1616084497
1616084497
1616084497
1616084497
1616084497
1616084497
1616084497
1616084497
1616084498
1616084498
1616084498
1616084498
1616084498
1616084498
1616084498
1616084498
1616084498
1616084498
1616084498
1616084498
1616084498
1616084498
1616084498
1616084499
1616084499
1616084499
1616084499
1616084499
1616084499
1616084499
1616084499
1616084499
1616084499
1616084499
1616084499
1616084499
1616084499
1616084499
1616084500
1616084500
1616084500
1616084500
1616084500
1616084500
1616084500
1616084500
1616084500
1616084500
1616084500
1616084500
1616084500
1616084500
1616084500
1616084501
1616084501
1616084501
1616084501
1616084501
1616084501
1616084501
1616084501
1616084501
1616084501
1616084501
1616084501
1616084501
1616084501
1616084501
1616084502
1616084502
1616084502
1616084502
1616084502
1616084502
1616084502
1616084502
1616084502
1616084502
1616084502
1616084502
1616084502
1616084502
1616084502
1616084503
1616084503
1616084503
1616084503
1616084503
1616084503
1616084503
1616084503
1616084503
1616084503
1616084503
1616084503
1616084503
1616084503
1616084504
1616084504
1616084504
1616084504
1616084504
1616084504
1616084504
1616084504
1616084504
1616084504
1616084504
1616084504
1616084504
1616084504
1616084504
1616084505
1616084505
1616084505
1616084505
1616084505
1616084505
1616084505
1616084505
1616084505
1616084505
1616084505
1616084505
1616084505
1616084505
1616084505
1616084506
1616084506
1616084506
1616084506
1616084506
1616084506
1616084506
1616084506
1616084506
1616084506
1616084506
1616084506
1616084506
1616084506
1616084507
1616084507
1616084507
1616084507
1616084507
1616084507
1616084507
1616084507
1616084507
1616084507
1616084507
1616084507
1616084507
1616084507
1616084507
1616084508
1616084508
1616084508
1616084508
1616084508
1616084508
1616084508
1616084508
1616084508
1616084508
1616084508
1616084508
1616084508
1616084508
1616084508
1616084509
1616084509
1616084509
1616084509
1616084509
1616084509
1616084509
1616084509
1616084509
1616084509
1616084509
1616084509
1616084509
1616084509
1616084509
1616084510
1616084510
1616084510
1616084510
1616084510
1616084510
1616084510
1616084510
1616084510
1616084510
1616084510
1616084510
1616084510
1616084510
1616084510
1616084511
1616084511
1616084511
1616084511
1616084511
1616084511
1616084511
1616084511
1616084511
1616084511
1616084511
1616084511
1616084511
1616084511
1616084511
1616084512
1616084512
1616084512
1616084512
1616084512
1616084512
1616084512
1616084512
1616084512
1616084512
1616084512
1616084512
1616084512
1616084512
1616084512
1616084513
1616084513
1616084513
1616084513
1616084513
1616084513
1616084513
1616084513
1616084513
1616084513
1616084513
1616084513
1616084513
1616084513
1616084513
1616084514
1616084514
1616084514
1616084514
1616084514
1616084514
1616084514
1616084514
1616084514
1616084514
1616084514
1616084514
1616084514
1616084514
1616084514
1616084515
1616084515
1616084515
1616084515
1616084515
1616084515
1616084515
1616084515
1616084515
1616084515
1616084515
1616084515
1616084515
1616084515
1616084515
1616084516
1616084516
1616084516
1616084516
1616084516
1616084516
1616084516
1616084516
1616084516
1616084516
1616084516
1616084516
1616084516
1616084516
1616084516
1616084517
1616084517
1616084517
1616084517
1616084517
1616084517
1616084517
1616084517
1616084517
1616084517
1616084517
1616084517
1616084517
1616084517
1616084517
1616084518
1616084518
1616084518
1616084518
1616084518
1616084518
1616084518
1616084518
1616084518
1616084518
1616084518
1616084518
1616084518
1616084518
1616084518
1616084519
1616084519
1616084519
1616084519
1616084519
1616084519
1616084519
1616084519
1616084519
1616084519
1616084519
1616084519
1616084519
1616084519
1616084519
1616084520
1616084520
1616084520
1616084520
1616084520
1616084520
1616084520
1616084520
1616084520
1616084520
1616084520
1616084520
1616084520
1616084520
1616084520
1616084521
1616084521
1616084521
1616084521
1616084521
1616084521
1616084521
1616084521
1616084521
1616084521
1616084521
1616084521
1616084521
1616084521
1616084521
1616084522
1616084522
1616084522
1616084522
1616084522
1616084522
1616084522
1616084522
1616084522
1616084522
1616084522
1616084522
1616084522
1616084522
1616084522
1616084523
1616084523
1616084523
1616084523
1616084523
1616084523
1616084523
1616084523
1616084523
1616084523
1616084523
1616084523
1616084523
1616084523
1616084523
1616084524
1616084524
1616084524
1616084524
1616084524
1616084524
1616084524
1616084524
1616084524
1616084524
1616084524
1616084524
1616084524
1616084524
1616084524
1616084525
1616084525
1616084525
1616084525
1616084525
1616084525
1616084525
1616084525
1616084525
1616084525
1616084525
1616084525
1616084525
1616084525
1616084525
1616084526
1616084526
1616084526
1616084526
1616084526
1616084526
1616084526
1616084526
1616084526
1616084526
1616084526
1616084526
1616084526
1616084526
1616084526
1616084527
1616084527
1616084527
1616084527
1616084527
1616084527
1616084527
1616084527
1616084527
1616084527
1616084527
1616084527
1616084527
1616084527
1616084527
1616084528
1616084528
1616084528
1616084528
1616084528
1616084528
1616084528
1616084528
1616084528
1616084528
1616084528
1616084528
1616084528
1616084528
1616084528
1616084528
1616084528
1616084528
1616084528
1616084528
1616084528
1616084528
