165416965
198827343
233058398
265384586
301211089
332680834
366345427
400333349
434437093
501554032
532856587
566149311
599455417
633914028
666366177
699450613
732774575
766253082
799400776
832802434
869884918
899753175
932727422
966561595
999569393
 32697506
 66263184
100075646
214059947
301481023
378130385
443228936
538541302
609238091
671656689
742068725
805586727
874474245
940827154
  6509761
 73771928
139262259
207725541
275523819
339366963
408448813
506788439
571451599
639693409
706210780
772339749
840157330
906564806
973537651
 41940366
108842959
176422268
242537639
310421754
374540067
441519847
508380168
577249557
640790856
708327654
776400756
841437142
909917702
973475083
 39806731
106703118
173134783
241135737
306874402
375330216
442984344
508845299
575210976
641858433
707991945
776445497
843744554
908665763
977541407
 41918462
108854608
175651129
240423502
309355354
374639642
442087911
506968536
560886771
640489933
708255070
776344408
842483614
909862981
981459941
 76831959
144101953
208295349
273874929
338891607
407891806
473272098
539721896
607025995
673153369
740341651
808562918
872961938
942785283
  5854055
 76589954
139606564
208264576
276468115
341967497
408298011
472507109
539314924
607347324
673930391
743451882
805759044
876361226
941196488
  7673094
 74475188
140682508
206299187
274859197
342871617
406856406
474284355
540283361
607056070
672557174
743641608
808602642
873901675
939630045
  7952560
 72806120
140388259
206321121
275177470
340181825
407575102
473191964
539661069
607157510
672805049
740488084
807344947
860552508
941934020
  8123591
 73449314
139492399
211156785
271170504
339657543
407766906
476156826
541135346
608657422
673774984
740067575
807692369
873222095
940300784
  7437348
 73801284
140979267
206669867
271960971
341069900
406583839
474497728
540596681
605342001
671996850
740083172
807685308
874236830
940266620
  5511494
 77447938
142601622
208873094
309856287
376294850
442339222
510743702
574881848
640842887
707386868
777907295
842967569
906365455
  7206497
 76867329
142809588
208788022
276139992
342622946
409552451
474050215
542282639
609243424
676956426
742105511
808247219
878502410
941927195
  9925161
 78174199
143659240
196227354
274826197
342687629
408779923
476291917
542002870
608726862
673982842
742727210
809997803
876191347
942104462
 11783977
 77365964
143569450
210882273
275007949
341509688
409613359
477800565
542338285
611673886
676287093
747079786
810088121
876352988
943221483
  9212895
 77120011
141860573
210263782
276550058
343641592
408886711
477128393
542728088
608834400
674953909
742189614
809502733
876541384
942507454
 11040874
 77075005
141926054
211449038
276820902
342862595
411137754
477704864
542054385
609186963
676239513
743007577
810374522
875989728
942423466
 10619192
 76993926
144901290
208399017
277432257
343107734
410398057
463557741
541587109
608428210
677404089
742800282
811355765
878271026
946195701
 10808440
 76356695
142801255
209633436
276279420
344385146
409334116
477246815
545000638
610287536
678307339
742853157
809113713
876805784
941714067
 10752261
 75828307
146095209
209250273
279144361
344995685
408917283
478883375
543866965
610500389
676500439
741491417
809305291
877655019
945940723
 11852903
 80624218
147422261
213264582
280609052
344541129
411843547
479178599
548507654
613067814
680262507
744944353
811639069
879237735
945505754
 13872683
 77707186
143606490
210163184
278484942
346826710
412258538
478375833
542782521
610780520
676712904
728662981
809797055
877965804
946001319
  9690518
 76512560
143335917
209707513
279307865
345700430
410890194
479236777
543240341
610374635
679446136
743437708
809971646
877761760
943918895
  9763397
 77691713
142499419
211007763
277232471
343273354
409975360
478266361
545430917
610557793
676147341
744104279
809216459
877416820
946088716
 13879066
 78371567
145355702
211848576
278277577
346137006
412503393
480579019
547092939
611692225
677321349
744814383
811602548
876771097
946484642
 12052156
 77599433
144331438
210832069
276448778
343838647
410349316
478315092
544466515
614795224
680624366
744717528
811179574
878031872
944583432
995790447
 76492002
144612065
210306635
277248802
347442064
410478192
477890653
546599035
612722847
677157750
743586074
811525853
877176465
944177022
 10789832
 77274443
144165091
210667784
278056309
347990900
412825335
476796506
543066077
610636792
677739777
746336457
813380618
879652238
945480456
 10982421
 76976373
147791830
214428494
277439238
343711618
410814795
477229070
543054729
613560202
678862972
744351578
811350163
881126694
944037656
 10050569
 77195804
144281762
213160543
280703810
343653172
411815034
478648245
542875902
610214681
677436236
743757717
811871430
878345889
945824482
 10772071
 78076692
145616901
212306420
265890589
342832688
412136290
479299177
543643113
610971177
677921928
744425054
811928856
876036715
945237770
 11573270
 78294934
146594015
210281281
278082066
343573758
410121073
478056032
543454458
610551387
678783618
745034183
811291071
880509857
945713886
 15068957
113880058
244865278
311061808
377022781
445461100
511693997
576563495
643313335
710402500
775550232
844223214
911039644
977932044
 43781214
109338949
176106814
242514319
309018908
379113066
442941262
509519512
577175002
642556392
707969933
776278380
842736077
908812234
980456246
 41976075
109944309
176898009
242436206
308757217
375707574
443053214
509013055
562203762
643540391
710313074
774561805
841942701
911170863
975003668
 43849041
142984603
209032625
274272152
340504391
409152879
475501288
539871177
609749914
675162072
740829759
808307436
877862773
941436078
  8821735
 75862675
143077986
209566724
277640175
342439998
408524259
476920378
542014651
610462504
675331904
742443404
811120614
877022080
943444106
 10207906
 77529806
143203495
211159969
278260863
343813310
410116508
478742123
543193579
611930955
676783255
742710103
809363614
877501950
942837688
 11809642
 76925334
143073122
209154978
275879742
344918459
411403883
477641182
541666782
610598484
678229232
744456872
809971835
864225347
943404931
 11157865
 77307288
142914403
209114680
276912196
342781681
409675508
477862074
542560833
609693218
677667259
744510249
809547641
876164885
942762573
 10473428
 76418413
145443415
212228938
277413089
343933592
412026290
478606304
546572568
613111477
678960543
744868473
811811246
878500400
944162667
 11182303
 78228326
144057827
209763168
277811272
343738503
409800999
475905303
542347867
608913725
678235080
742857693
809106095
875500963
945017124
  8838024
 76730051
141783918
211436703
276921801
342499095
409757242
476721843
542361727
609214880
679570392
743517779
809694679
878278481
945443545
 13640563
 77514712
129347409
209164487
274624762
342946774
408966159
475763624
544299033
609745353
675288478
741822803
808699291
876573038
947409150
  9970851
 77235188
146133077
210713360
276098683
345715196
413432413
479409816
544083472
609818160
678203778
743505918
810765203
878507280
946417716
 10146565
 78799264
143356165
212534908
278240235
345260012
411125961
479008297
544074707
613397638
678735586
744539713
812669741
878307106
945281093
 10146448
 78657630
142327042
210737670
276192651
342754890
408368982
478269145
543058012
609970237
677233001
743417952
812236383
877038600
945262976
 13062758
 77631328
144072203
210310294
275339912
343999826
395284443
476303971
542078849
608832904
675746907
745262613
812550219
876311552
942872545
  9742526
 75683295
143185021
209169775
275787884
342719524
408036697
476890223
546468782
609679675
675654887
744744546
810056292
878118151
942798408
 13570948
 78519920
144810244
209871373
277223833
343954053
411388395
476668048
543574710
611127313
676077831
742054387
811851941
877119564
942301992
  8634439
 76378194
143424174
208618899
278250808
343653670
409029762
475410438
543869239
609981343
678472922
741607423
809249215
876113982
943088227
  9849823
 74650204
142393570
209582722
277052045
342586698
408804254
478159888
542629813
609079532
662911005
740658926
808464045
876718013
941718799
  8842285
 74279542
142161816
208326641
275575971
341505019
407046215
476087784
541500497
610028966
677306566
740696984
812320527
877241064
942210303
  7561703
 75760889
141941098
211182424
275506833
341593597
407430707
473488027
540137843
607505284
677386824
740781971
806845649
877442693
941123833
  7905771
 73668475
142048050
207131639
277072466
341278301
408825509
476322743
543712972
606927719
673952423
741756042
808316100
874966216
942916002
  6885745
 75119111
141177750
207581551
277948206
343401387
407968014
477389081
541047539
608811502
674435922
741794790
806957583
876856295
928291046
  9107025
 74246522
139484947
208237515
273200200
340127544
406682982
474685560
540447172
606768787
677639014
741029117
807362826
872399722
942953594
 32155902
100542247
132573569
166193187
199002086
232279271
270079775
300031458
331991265
365811167
399328232
432001326
466260689
499183710
532309512
565207854
598808200
632416917
667588058
699118708
733381270
765219693
