800000000
900000000
        0
100000000
201000000
300000000
400000000
500000000
600000000
701000000
800000000
900000000
        0
100000000
200000000
300000000
400000000
501000000
600000000
700000000
800000000
900000000
        0
100000000
200000000
302000000
401000000
500000000
601000000
700000000
800000000
902000000
        0
100000000
200000000
300000000
400000000
500000000
600000000
700000000
800000000
900000000
        0
100000000
200000000
301000000
400000000
500000000
600000000
700000000
800000000
900000000
  1000000
100000000
201000000
300000000
400000000
500000000
601000000
700000000
803000000
900000000
        0
100000000
200000000
300000000
400000000
500000000
601000000
701000000
800000000
900000000
        0
113000000
201000000
301000000
400000000
500000000
601000000
700000000
800000000
901000000
        0
100000000
200000000
300000000
400000000
500000000
600000000
701000000
800000000
900000000
        0
100000000
200000000
301000000
400000000
503000000
600000000
700000000
805000000
900000000
        0
101000000
200000000
300000000
400000000
501000000
600000000
700000000
800000000
900000000
        0
100000000
200000000
301000000
400000000
500000000
600000000
700000000
800000000
900000000
        0
100000000
213000000
300000000
400000000
500000000
600000000
700000000
802000000
900000000
        0
100000000
200000000
300000000
402000000
500000000
600000000
702000000
801000000
900000000
        0
101000000
200000000
307000000
400000000
500000000
600000000
700000000
800000000
901000000
        0
100000000
200000000
300000000
400000000
500000000
600000000
700000000
800000000
900000000
        0
100000000
200000000
300000000
400000000
500000000
600000000
700000000
800000000
900000000
        0
100000000
200000000
300000000
401000000
500000000
600000000
700000000
800000000
901000000
  1000000
101000000
200000000
301000000
401000000
501000000
600000000
700000000
800000000
900000000
        0
100000000
201000000
300000000
401000000
500000000
600000000
700000000
800000000
900000000
        0
100000000
200000000
300000000
402000000
501000000
600000000
700000000
800000000
900000000
        0
100000000
200000000
300000000
400000000
502000000
600000000
700000000
800000000
900000000
        0
100000000
200000000
300000000
402000000
500000000
600000000
700000000
800000000
900000000
        0
100000000
200000000
301000000
400000000
500000000
600000000
700000000
800000000
900000000
        0
100000000
200000000
300000000
400000000
501000000
600000000
700000000
800000000
900000000
        0
100000000
201000000
300000000
400000000
500000000
600000000
700000000
800000000
905000000
        0
101000000
200000000
300000000
400000000
500000000
600000000
700000000
801000000
900000000
        0
100000000
201000000
301000000
400000000
501000000
600000000
700000000
801000000
900000000
        0
100000000
201000000
302000000
400000000
501000000
600000000
701000000
800000000
901000000
        0
109000000
200000000
301000000
400000000
500000000
602000000
700000000
800000000
900000000
  1000000
100000000
200000000
300000000
400000000
502000000
600000000
700000000
800000000
901000000
        0
100000000
200000000
300000000
400000000
500000000
619000000
706000000
800000000
900000000
  7000000
100000000
200000000
300000000
400000000
500000000
600000000
700000000
800000000
900000000
        0
100000000
201000000
302000000
400000000
501000000
600000000
700000000
800000000
900000000
        0
100000000
200000000
300000000
400000000
500000000
600000000
706000000
800000000
900000000
        0
103000000
204000000
300000000
400000000
500000000
600000000
700000000
800000000
900000000
        0
100000000
202000000
303000000
403000000
501000000
602000000
700000000
800000000
900000000
        0
100000000
200000000
301000000
400000000
500000000
602000000
700000000
800000000
900000000
        0
100000000
200000000
300000000
400000000
503000000
601000000
700000000
804000000
900000000
  1000000
100000000
200000000
300000000
400000000
501000000
601000000
700000000
800000000
902000000
        0
100000000
200000000
300000000
400000000
500000000
600000000
700000000
800000000
900000000
        0
100000000
200000000
300000000
400000000
500000000
601000000
700000000
800000000
900000000
        0
100000000
200000000
303000000
400000000
500000000
600000000
700000000
801000000
900000000
        0
100000000
200000000
300000000
400000000
500000000
600000000
700000000
801000000
900000000
        0
100000000
200000000
300000000
400000000
500000000
601000000
701000000
801000000
900000000
  2000000
100000000
204000000
300000000
400000000
500000000
600000000
705000000
803000000
900000000
        0
100000000
200000000
300000000
400000000
500000000
600000000
701000000
801000000
900000000
        0
100000000
200000000
300000000
400000000
501000000
601000000
700000000
801000000
902000000
  1000000
101000000
200000000
305000000
404000000
500000000
610000000
701000000
800000000
904000000
 13000000
100000000
200000000
401000000
502000000
600000000
700000000
800000000
900000000
        0
103000000
206000000
300000000
400000000
500000000
600000000
700000000
800000000
900000000
        0
100000000
200000000
300000000
400000000
500000000
600000000
708000000
800000000
900000000
        0
100000000
200000000
302000000
400000000
501000000
600000000
700000000
800000000
900000000
  1000000
100000000
201000000
300000000
400000000
500000000
603000000
700000000
800000000
900000000
  1000000
100000000
202000000
300000000
400000000
506000000
601000000
700000000
801000000
900000000
  1000000
102000000
200000000
300000000
400000000
501000000
600000000
701000000
800000000
900000000
        0
101000000
201000000
300000000
400000000
500000000
600000000
700000000
800000000
902000000
        0
100000000
200000000
300000000
400000000
500000000
600000000
700000000
800000000
900000000
        0
100000000
200000000
305000000
400000000
500000000
600000000
700000000
800000000
909000000
  1000000
100000000
200000000
303000000
401000000
500000000
600000000
701000000
800000000
900000000
        0
103000000
200000000
301000000
400000000
500000000
600000000
700000000
800000000
905000000
  1000000
100000000
200000000
300000000
400000000
500000000
600000000
700000000
800000000
901000000
        0
100000000
208000000
300000000
400000000
501000000
600000000
700000000
800000000
900000000
  1000000
100000000
200000000
300000000
400000000
500000000
600000000
700000000
800000000
900000000
        0
100000000
202000000
300000000
400000000
500000000
600000000
700000000
800000000
900000000
  1000000
100000000
204000000
300000000
400000000
501000000
603000000
702000000
800000000
915000000
        0
100000000
203000000
303000000
400000000
500000000
600000000
700000000
801000000
901000000
        0
102000000
201000000
301000000
405000000
500000000
600000000
701000000
801000000
900000000
 17000000
100000000
200000000
300000000
403000000
500000000
602000000
700000000
800000000
900000000
        0
100000000
200000000
300000000
400000000
500000000
601000000
701000000
800000000
901000000
  3000000
201000000
318000000
400000000
500000000
600000000
700000000
801000000
900000000
        0
101000000
202000000
300000000
400000000
500000000
600000000
701000000
800000000
900000000
        0
100000000
201000000
301000000
400000000
500000000
600000000
700000000
800000000
900000000
  1000000
101000000
200000000
308000000
402000000
500000000
600000000
700000000
800000000
901000000
        0
100000000
200000000
300000000
400000000
500000000
610000000
701000000
800000000
900000000
        0
100000000
202000000
300000000
401000000
500000000
600000000
700000000
800000000
900000000
        0
102000000
200000000
300000000
400000000
500000000
600000000
700000000
800000000
900000000
        0
100000000
200000000
300000000
402000000
501000000
600000000
700000000
800000000
900000000
        0
111000000
211000000
300000000
402000000
500000000
601000000
700000000
800000000
900000000
        0
101000000
200000000
300000000
400000000
500000000
600000000
700000000
800000000
900000000
        0
100000000
200000000
300000000
400000000
500000000
600000000
700000000
800000000
900000000
        0
102000000
200000000
300000000
401000000
500000000
600000000
700000000
800000000
900000000
        0
100000000
200000000
300000000
400000000
500000000
600000000
700000000
800000000
901000000
        0
100000000
200000000
300000000
400000000
500000000
600000000
701000000
802000000
900000000
  1000000
101000000
200000000
300000000
400000000
500000000
600000000
700000000
800000000
900000000
        0
100000000
200000000
301000000
400000000
500000000
600000000
701000000
800000000
900000000
        0
100000000
200000000
300000000
400000000
500000000
600000000
700000000
800000000
901000000
        0
100000000
200000000
300000000
400000000
500000000
601000000
700000000
800000000
900000000
        0
100000000
200000000
300000000
400000000
500000000
600000000
700000000
800000000
900000000
        0
100000000
200000000
300000000
400000000
500000000
602000000
700000000
800000000
900000000
  2000000
101000000
200000000
300000000
400000000
500000000
600000000
700000000
800000000
900000000
        0
100000000
200000000
300000000
400000000
500000000
600000000
700000000
800000000
901000000
        0
100000000
200000000
300000000
400000000
500000000
600000000
700000000
800000000
900000000
        0
100000000
200000000
300000000
400000000
500000000
600000000
700000000
800000000
900000000
  3000000
102000000
202000000
303000000
401000000
500000000
600000000
700000000
803000000
900000000
  1000000
101000000
200000000
300000000
400000000
500000000
600000000
700000000
800000000
900000000
        0
101000000
200000000
302000000
401000000
500000000
600000000
700000000
800000000
900000000
        0
100000000
200000000
300000000
400000000
500000000
600000000
701000000
801000000
900000000
  1000000
100000000
200000000
300000000
401000000
500000000
601000000
700000000
800000000
900000000
        0
100000000
200000000
300000000
400000000
500000000
600000000
700000000
800000000
900000000
        0
100000000
200000000
300000000
400000000
500000000
600000000
700000000
800000000
900000000
        0
100000000
200000000
300000000
400000000
500000000
602000000
700000000
800000000
901000000
        0
100000000
201000000
301000000
400000000
500000000
600000000
700000000
800000000
900000000
        0
100000000
200000000
300000000
401000000
500000000
600000000
701000000
800000000
900000000
        0
100000000
201000000
300000000
400000000
500000000
600000000
701000000
800000000
900000000
        0
100000000
200000000
300000000
401000000
500000000
600000000
701000000
800000000
901000000
  3000000
100000000
202000000
300000000
401000000
503000000
600000000
700000000
800000000
900000000
        0
100000000
200000000
300000000
400000000
500000000
600000000
700000000
800000000
900000000
  1000000
100000000
200000000
300000000
400000000
500000000
600000000
700000000
800000000
901000000
        0
100000000
200000000
300000000
400000000
500000000
600000000
700000000
800000000
900000000
        0
101000000
201000000
300000000
400000000
500000000
600000000
700000000
801000000
900000000
        0
100000000
201000000
300000000
400000000
500000000
600000000
701000000
800000000
900000000
        0
100000000
200000000
301000000
400000000
500000000
601000000
700000000
800000000
900000000
        0
100000000
200000000
300000000
400000000
501000000
600000000
700000000
800000000
900000000
        0
100000000
201000000
300000000
401000000
500000000
602000000
700000000
800000000
900000000
  2000000
101000000
200000000
300000000
400000000
500000000
600000000
702000000
801000000
900000000
        0
103000000
202000000
300000000
400000000
500000000
600000000
700000000
800000000
900000000
        0
101000000
200000000
300000000
400000000
500000000
600000000
702000000
800000000
900000000
        0
100000000
200000000
301000000
400000000
500000000
600000000
702000000
800000000
902000000
  8000000
100000000
200000000
300000000
400000000
500000000
601000000
700000000
800000000
900000000
        0
100000000
200000000
300000000
400000000
500000000
600000000
700000000
