299984576
334254963
366652496
400254801
434320890
466682354
500097519
534384457
566737809
600047488
634348305
666651757
700106367
734316755
766727630
800036778
834298450
866720641
900103431
934399647
966551927
   142995
 34106955
 66646159
100092365
134153204
166477961
200038882
234157583
266535929
300065587
334272021
366500593
400008765
434399071
466702558
499883033
534374984
566671660
600008306
634298293
666694290
699984871
734247199
766588067
800025879
834188547
866744741
900052733
934180956
966673141
    64572
 34292439
 66770224
100200715
134523156
166763652
200052535
234347270
267221062
300041666
334233565
367121158
400116653
435786997
466822341
500140840
534378792
566677617
599940577
634451459
666872025
700044956
734261066
766648854
800163301
834341306
866772127
899965178
934331992
966566301
999984644
 34389540
 66778412
 99997822
135049615
166717083
200015923
234273326
266604354
300110219
334124565
366629726
400022754
434325273
466629029
500178722
534432317
566650901
600193718
634209708
666715372
700037667
734397340
766687404
800129497
834412396
866969687
900086737
934297065
966728162
   129232
 33316108
 66642953
100141645
133498705
166670907
200097811
233305219
266690837
300037785
333378222
366713870
400135271
433306281
466705083
500084481
533451878
566706731
601513612
633416506
667370280
700480760
733568251
766683208
800568690
833374089
867890612
900204827
934606029
966840599
  1774078
 36482148
 66637365
100122312
134367198
166808935
200226376
233392822
315450709
397131640
473411932
538795205
606771026
673049314
740352908
808454631
873044480
943095700
  8002037
 75060425
140147745
208051518
276673243
339553211
410536583
475390160
540181318
606323139
676311439
740206780
809570259
876972658
939976173
  7425349
 73804768
143449994
207101753
275590930
343215563
409966293
475663641
540505284
609220538
676306819
741813105
809087925
873426371
941199451
  7111691
 74119497
141677650
209719270
275204586
343688393
410344348
474625837
541747561
607288573
674018061
740472514
808870853
872918130
941431290
  7801890
 73872519
141116974
205711712
274527778
340552488
407444945
474495416
540427354
597743710
672757797
742228501
806090824
871874018
942457613
  8902118
 74317279
140059343
205265339
272878374
338300761
405683774
473009922
539638871
608381699
673171063
742211485
809864377
872434845
939468774
  5834499
 75073282
144699989
209896487
274362033
351248431
441372484
507178690
575052834
641565366
708906798
775958774
842747630
911874752
977134656
 44690980
143761480
209801928
276232743
342692946
409640878
482354007
582721030
647012390
710694681
777963379
844239787
909805038
977142160
 43929623
111209415
175499199
243360739
309824048
376798021
444050891
510990743
576921639
643749029
713805829
776212832
845790397
910585715
961043446
 41604567
109992007
177383104
243666028
311538155
378497596
441579920
511977757
575444653
642074347
711771697
777693670
842917278
909771925
975957601
 43376619
111377314
175877100
241908859
308841781
377156730
442814795
510187688
576055471
642166049
709742992
778430987
843975078
909456523
976717897
 42166857
109641209
177161439
245142173
309560623
377158668
444104989
511355396
575189564
641236446
709310252
776118915
842175789
909121595
977043089
 44519219
110017006
210840166
278925384
342533741
409483446
477819285
545114108
613293622
677289153
743475089
809587321
875176411
942038231
  9878725
 74735366
140576995
209418999
262203473
341637695
407646046
476045922
541471716
607337091
672762263
739886708
806661409
873122033
942599615
  7334594
 74119715
141842871
207509492
274345755
342154723
407792981
473762596
540838099
606843115
674654606
739925042
809824707
874779856
943532722
  7868468
 77036868
144361242
211723698
276580656
343659091
411468051
478247935
544892195
610343959
677033035
775331921
843959568
911890792
975469917
 43175507
108800719
177720123
245946460
312529831
376698363
443443736
513545647
576027445
643139644
710792269
775987913
842664807
909436119
991160039
 96855927
133864093
168672856
231892352
265373500
299062283
